1000
3 8 2 0.5 2.5 1 1.5 3 0.5 2.5 1.5 1 2 3
26.4118 1 2 3 8 4 5 6 7 9 10 11 12
26.4136 6 1 2 9 10 4 5 8 7 3 11 12
26.4138 10 4 1 2 5 6 7 9 8 3 11 12
26.4158 9 10 8 1 6 5 2 4 3 7 11 12
26.4204 1 7 2 3 6 5 4 8 10 9 11 12
26.4204 1 7 2 3 6 5 4 8 10 9 11 12
26.4206 5 7 6 10 9 1 2 4 3 8 11 12
26.4207 2 3 9 8 5 4 1 7 6 10 11 12
26.421 1 4 9 2 6 3 8 7 5 10 11 12
26.421 1 4 9 2 6 3 8 7 5 10 11 12
26.4243 8 2 1 6 5 4 9 7 3 10 11 12
26.4251 2 10 8 9 3 1 6 4 5 7 11 12
26.4261 6 3 8 7 1 2 5 4 9 10 11 12
26.4261 6 10 8 3 1 2 5 4 9 7 11 12
26.4261 7 3 9 6 1 2 10 4 5 8 11 12
26.4261 3 6 2 1 9 4 5 8 7 10 11 12
26.4274 9 3 7 6 10 1 2 4 5 8 11 12
26.4298 9 2 1 7 4 5 3 8 6 10 11 12
26.4318 6 1 2 3 4 5 7 8 9 10 11 12
26.435 3 5 9 2 1 7 4 6 8 10 11 12
26.4357 6 7 9 3 2 1 5 4 8 10 11 12
26.4374 1 2 9 10 4 3 6 7 5 8 11 12
26.4374 1 2 9 10 4 3 6 7 5 8 11 12
26.4379 8 4 5 6 7 1 10 2 3 9 11 12
26.4394 4 10 3 2 6 5 1 8 7 9 11 12
26.4409 5 8 7 2 6 1 9 4 10 3 11 12
26.4438 7 6 1 2 10 4 5 8 9 3 11 12
26.4449 3 10 1 2 7 4 9 8 5 6 11 12
26.4456 10 2 3 4 7 6 5 9 8 1 11 12
26.4465 7 10 9 8 3 2 1 5 4 6 11 12
26.4509 4 2 1 8 9 3 7 6 5 10 11 12
26.4536 7 6 5 10 9 1 2 4 3 8 11 12
26.4548 7 4 2 3 6 5 1 9 8 10 11 12
26.4558 1 2 9 7 6 5 3 4 8 10 11 12
26.4558 1 2 9 7 6 5 3 4 8 10 11 12
26.4563 6 3 8 2 7 1 9 4 10 5 11 12
26.4564 7 6 10 9 3 2 1 5 4 8 11 12
26.457 1 4 10 9 3 2 7 6 5 8 11 12
26.457 1 4 10 9 3 2 7 6 5 8 11 12
26.4572 9 2 1 7 4 5 10 8 6 3 11 12
26.4585 2 3 8 9 6 1 5 4 10 7 11 12
26.4586 3 9 2 10 6 5 1 4 8 7 11 12
26.4592 9 6 7 3 10 2 1 4 5 8 11 12
26.4603 10 6 8 7 4 2 3 5 1 9 11 12
26.4603 2 6 8 9 7 1 3 4 5 10 11 12
26.4611 7 3 2 10 9 1 6 4 5 8 11 12
26.4618 1 8 2 5 4 3 7 6 10 9 11 12
26.4618 1 8 2 5 4 3 7 6 10 9 11 12
26.4627 9 3 1 2 10 6 8 4 5 7 11 12
26.4635 3 6 2 1 4 5 7 8 9 10 11 12
26.4643 1 10 9 4 3 7 2 6 5 8 11 12
26.4643 1 10 9 4 3 7 2 6 5 8 11 12
26.4658 3 5 7 6 2 1 9 4 10 8 11 12
26.4702 4 1 3 2 10 5 6 8 9 7 11 12
26.4715 9 1 2 8 3 5 4 7 6 10 11 12
26.4741 3 6 2 1 10 4 9 7 5 8 11 12
26.4752 1 4 3 9 2 7 5 6 10 8 11 12
26.4752 1 4 3 9 2 7 5 6 10 8 11 12
26.4853 1 2 9 5 6 4 3 8 7 10 11 12
26.4853 1 2 9 5 6 4 3 8 7 10 11 12
26.4861 9 10 2 1 6 5 3 4 8 7 11 12
26.4866 3 5 2 1 6 4 10 8 7 9 11 12
26.4875 1 2 8 5 4 3 7 6 10 9 11 12
26.4875 1 2 8 5 4 3 7 6 10 9 11 12
26.4933 9 8 7 1 10 4 3 2 6 5 11 12
26.4936 6 3 8 9 10 1 5 4 2 7 11 12
26.4949 11 9 1 4 8 3 2 6 7 5 10 12
26.4976 1 9 6 7 8 3 4 2 10 5 11 12
26.4976 1 9 6 7 8 3 4 2 10 5 11 12
26.5035 3 9 2 1 5 4 6 8 7 10 11 12
26.5054 1 9 7 6 8 3 4 2 10 5 11 12
26.5054 1 9 7 6 8 3 4 2 10 5 11 12
26.5058 2 1 8 5 4 3 7 6 10 9 11 12
26.5067 2 10 9 1 5 4 8 7 6 3 11 12
26.5136 4 8 9 7 5 2 1 6 3 10 11 12
26.5177 1 2 3 4 5 6 7 10 9 8 11 12
26.5177 1 2 3 4 5 6 7 10 9 8 11 12
26.5212 7 1 6 9 10 3 5 2 8 4 11 12
26.5214 2 5 1 10 4 6 7 9 8 3 11 12
26.5218 1 5 9 10 3 4 2 7 8 6 11 12
26.5218 1 5 9 10 3 4 2 7 8 6 11 12
26.524 1 5 3 2 8 7 4 6 10 9 11 12
26.524 1 5 3 2 8 7 4 6 10 9 11 12
26.5244 4 8 1 10 9 3 2 7 5 6 11 12
26.5259 1 2 9 10 7 3 5 6 8 4 11 12
26.5259 1 2 9 10 7 3 5 6 8 4 11 12
26.5293 4 2 3 9 10 6 5 7 8 1 11 12
26.5297 1 10 4 5 2 3 7 6 9 8 11 12
26.5297 1 10 4 5 2 3 7 6 9 8 11 12
26.537 9 2 1 6 4 5 3 8 7 10 11 12
26.538 1 4 3 8 2 5 6 7 9 10 11 12
26.538 1 4 3 8 2 5 6 7 9 10 11 12
26.5382 1 10 9 6 5 4 8 2 7 3 11 12
26.5382 1 10 9 6 5 4 8 2 7 3 11 12
26.5387 5 6 3 9 2 1 7 4 10 8 11 12
26.5433 1 4 3 5 8 7 6 10 9 2 11 12
26.5433 1 4 3 5 8 7 6 10 9 2 11 12
26.5436 3 2 9 10 6 1 5 4 8 7 11 12
26.5436 3 4 2 1 8 6 9 7 5 10 11 12
26.5463 6 2 9 3 5 4 7 8 1 10 11 12
26.5465 4 3 2 9 6 5 10 8 7 1 11 12
26.547 4 7 1 10 8 3 2 6 5 9 11 12
26.5491 7 1 9 2 4 3 5 6 8 10 11 12
26.552 10 9 7 2 4 3 5 6 8 1 11 12
26.554 6 2 1 3 4 5 7 8 9 10 11 12
26.555 7 1 9 5 4 3 2 6 8 10 11 12
26.557 4 8 2 7 5 6 10 9 1 3 11 12
26.5587 2 3 8 9 10 1 5 4 6 7 11 12
26.5623 1 2 3 10 4 7 9 6 5 8 11 12
26.5623 1 2 3 10 4 7 9 6 5 8 11 12
26.5631 1 2 3 5 8 7 6 10 9 4 11 12
26.5631 1 2 3 5 8 7 6 10 9 4 11 12
26.5667 6 5 9 3 2 1 10 4 8 7 11 12
26.5677 1 4 10 9 3 6 5 7 8 2 11 12
26.5677 1 4 10 9 3 6 5 7 8 2 11 12
26.5708 4 5 1 9 3 2 10 6 7 8 11 12
26.5713 1 2 3 4 8 7 5 6 10 9 11 12
26.5713 1 2 3 4 8 7 5 6 10 9 11 12
26.5731 2 7 6 3 1 5 4 8 9 10 11 12
26.5742 1 6 10 4 7 2 8 5 9 3 11 12
26.5742 1 6 10 4 7 2 8 5 9 3 11 12
26.5761 2 10 9 6 5 4 7 8 3 1 11 12
26.5769 2 1 8 10 4 3 6 7 5 9 11 12
26.5782 6 7 1 2 5 4 3 8 9 10 11 12
26.5802 6 2 8 9 5 1 3 4 10 7 11 12
26.5831 6 10 7 9 4 3 1 2 8 5 11 12
26.5854 7 6 9 8 3 2 1 5 4 10 11 12
26.5881 3 6 2 1 5 4 10 8 9 7 11 12
26.5887 2 8 9 10 1 3 4 6 7 5 11 12
26.5892 2 1 8 5 4 3 7 6 9 10 11 12
26.5896 4 2 1 10 5 3 6 7 8 9 11 12
26.5904 1 6 9 10 4 3 8 7 5 2 11 12
26.5904 1 6 9 10 4 3 8 7 5 2 11 12
26.5908 8 2 5 10 9 1 6 4 3 7 11 12
26.5911 4 1 3 2 10 6 5 8 9 7 11 12
26.5912 4 8 1 3 10 2 5 6 7 9 11 12
26.5934 2 3 9 6 5 4 10 8 7 1 11 12
26.5937 9 4 1 6 2 5 7 8 10 3 11 12
26.5959 9 2 1 7 3 5 4 8 6 10 11 12
26.5968 8 7 4 5 1 3 2 6 9 10 11 12
26.6017 9 6 3 5 2 1 8 4 10 7 11 12
26.6038 1 3 2 9 6 5 4 8 7 10 11 12
26.6038 1 3 2 9 6 5 4 8 7 10 11 12
26.604 1 6 3 4 2 7 5 9 10 8 11 12
26.604 1 6 3 4 2 7 5 9 10 8 11 12
26.6064 11 9 8 2 1 3 4 6 7 5 10 12
26.6067 1 2 3 10 4 6 5 8 9 7 11 12
26.6067 1 2 3 10 4 6 5 8 9 7 11 12
26.6083 1 9 10 4 3 2 6 7 5 8 11 12
26.6083 1 9 10 4 3 2 6 7 5 8 11 12
26.6094 7 5 9 1 2 3 4 6 8 10 11 12
26.6135 9 2 1 7 10 5 8 4 6 3 11 12
26.6138 1 8 9 10 2 4 3 6 7 5 11 12
26.6138 1 8 9 10 2 4 3 6 7 5 11 12
26.6142 4 6 3 2 1 5 7 8 9 10 11 12
26.6156 1 10 9 8 3 2 4 6 7 5 11 12
26.6156 1 10 9 8 3 2 4 6 7 5 11 12
26.6167 6 2 9 3 10 1 5 4 8 7 11 12
26.6167 10 4 8 2 5 3 6 7 1 9 11 12
26.6184 2 8 7 10 9 1 3 4 5 6 11 12
26.621 10 6 1 2 5 4 9 8 7 3 11 12
26.6214 1 3 10 9 2 4 5 8 7 6 11 12
26.6214 1 3 10 9 2 4 5 8 7 6 11 12
26.6265 1 8 7 5 4 3 2 6 9 10 11 12
26.6265 1 8 7 5 4 3 2 6 9 10 11 12
26.6271 6 9 1 2 5 4 3 8 7 10 11 12
26.6278 10 4 7 6 9 3 5 2 8 1 11 12
26.6282 11 6 9 4 3 2 7 5 1 8 10 12
26.6342 1 4 3 9 10 6 7 8 5 2 11 12
26.6342 1 4 3 9 10 6 7 8 5 2 11 12
26.6404 6 9 10 3 2 1 5 4 8 7 11 12
26.645 11 1 2 8 4 6 7 9 5 3 10 12
26.6451 1 3 10 5 6 4 9 8 7 2 11 12
26.6451 1 3 10 5 6 4 9 8 7 2 11 12
26.6457 2 6 7 8 9 4 1 3 5 10 11 12
26.6497 4 9 1 7 8 3 2 6 5 10 11 12
26.6505 8 10 1 2 7 4 3 6 5 9 11 12
26.6507 2 1 8 5 4 3 6 7 10 9 11 12
26.6517 1 8 10 4 7 2 6 3 9 5 11 12
26.6517 1 8 10 4 7 2 6 3 9 5 11 12
26.6532 2 3 8 9 6 1 7 4 5 10 11 12
26.6538 3 2 6 7 9 1 10 4 5 8 11 12
26.6582 1 6 5 4 9 8 7 2 10 3 11 12
26.6582 1 6 5 4 9 8 7 2 10 3 11 12
26.6599 9 1 2 3 6 5 4 8 7 10 11 12
26.6599 3 6 1 2 10 4 5 7 8 9 11 12
26.6602 1 7 9 10 2 3 4 6 5 8 11 12
26.6602 1 7 9 10 2 3 4 6 5 8 11 12
26.6627 3 2 1 9 4 5 6 8 7 10 11 12
26.6639 11 4 1 2 3 5 6 7 8 9 10 12
26.6647 8 9 5 10 1 2 3 4 6 7 11 12
26.6683 2 9 1 8 5 4 3 7 6 10 11 12
26.669 6 5 9 3 2 1 7 4 8 10 11 12
26.6697 6 1 10 4 3 2 7 5 9 8 11 12
26.6705 1 7 9 2 4 3 5 6 8 10 11 12
26.6705 1 7 9 2 4 3 5 6 8 10 11 12
26.6726 4 10 1 9 8 3 6 7 5 2 11 12
26.6769 1 5 9 7 4 3 2 6 8 10 11 12
26.6769 1 5 9 7 4 3 2 6 8 10 11 12
26.6774 3 9 1 2 10 4 8 7 5 6 11 12
26.6782 4 8 9 1 2 3 5 6 7 10 11 12
26.6798 3 6 1 2 10 4 8 7 5 9 11 12
26.6837 11 7 9 8 5 2 1 6 3 4 10 12
26.6857 6 3 2 10 9 1 5 4 8 7 11 12
26.6863 1 2 9 6 4 5 3 7 8 10 11 12
26.6863 1 2 9 6 4 5 3 7 8 10 11 12
26.6882 9 3 7 6 2 1 5 4 10 8 11 12
26.6884 5 8 3 9 1 2 4 7 6 10 11 12
26.6921 3 10 1 2 5 4 6 7 8 9 11 12
26.6939 1 4 5 3 9 8 7 2 10 6 11 12
26.6939 1 4 5 3 9 8 7 2 10 6 11 12
26.6976 1 9 7 5 4 3 2 6 8 10 11 12
26.6976 1 9 7 5 4 3 2 6 8 10 11 12
26.6979 9 8 1 6 5 4 2 3 7 10 11 12
26.7013 4 5 9 1 2 3 7 6 8 10 11 12
26.702 1 9 2 3 7 5 6 8 4 10 11 12
26.702 1 9 2 3 7 5 6 8 4 10 11 12
26.7023 3 1 9 6 5 4 2 8 7 10 11 12
26.7049 6 7 8 10 1 2 5 4 9 3 11 12
26.7071 1 6 2 3 7 5 4 8 9 10 11 12
26.7071 1 6 2 3 7 5 4 8 9 10 11 12
26.7073 3 10 2 1 5 4 7 8 9 6 11 12
26.7079 11 4 7 8 3 2 6 5 1 9 10 12
26.7092 11 9 1 7 3 4 2 5 6 8 10 12
26.7094 3 6 2 1 5 4 9 8 7 10 11 12
26.7095 1 8 10 4 2 7 3 6 5 9 11 12
26.7095 1 8 10 4 2 7 3 6 5 9 11 12
26.7115 1 6 5 4 8 7 2 10 9 3 11 12
26.7115 1 6 5 4 8 7 2 10 9 3 11 12
26.7122 10 4 1 2 7 6 5 9 8 3 11 12
26.7145 11 2 7 8 3 4 5 6 1 9 10 12
26.7148 4 8 1 7 5 2 3 6 9 10 11 12
26.7152 4 10 1 9 8 3 2 6 7 5 11 12
26.7193 1 10 2 7 6 5 3 4 8 9 11 12
26.7193 1 10 2 7 6 5 3 4 8 9 11 12
26.7258 6 5 9 3 2 1 8 4 10 7 11 12
26.7259 6 3 9 10 5 4 7 8 2 1 11 12
26.729 9 4 3 2 6 5 1 8 7 10 11 12
26.7294 1 7 2 3 6 5 4 9 8 10 11 12
26.7294 1 7 2 3 6 5 4 9 8 10 11 12
26.736 9 8 1 5 4 3 7 6 2 10 11 12
26.7373 8 2 6 5 9 1 10 4 3 7 11 12
26.7388 4 2 8 1 5 3 7 6 9 10 11 12
26.7421 1 7 10 9 3 2 6 5 4 8 11 12
26.7421 1 7 10 9 3 2 6 5 4 8 11 12
26.7443 4 6 3 2 9 5 10 8 7 1 11 12
26.7453 7 1 2 3 4 5 6 8 9 10 11 12
26.7468 6 2 8 10 9 1 5 4 3 7 11 12
26.7494 4 7 1 9 8 3 2 6 5 10 11 12
26.7508 4 7 1 9 2 3 5 6 8 10 11 12
26.7519 11 1 8 2 6 5 9 4 3 7 10 12
26.7523 3 5 2 1 10 4 6 8 9 7 11 12
26.7523 11 8 7 2 5 4 3 6 1 9 10 12
26.7524 4 10 3 1 7 6 5 9 8 2 11 12
26.7546 2 6 1 10 4 3 9 7 5 8 11 12
26.7553 1 6 2 3 10 4 5 7 9 8 11 12
26.7553 1 6 2 3 10 4 5 7 9 8 11 12
26.7571 1 3 9 8 5 4 2 6 7 10 11 12
26.7571 1 3 9 8 5 4 2 6 7 10 11 12
26.7578 6 8 9 3 5 2 4 1 7 10 11 12
26.7609 7 2 9 3 6 1 5 4 8 10 11 12
26.7644 2 3 8 9 5 1 7 4 10 6 11 12
26.7683 1 2 3 6 4 5 7 8 9 10 11 12
26.7683 1 2 3 6 4 5 7 8 9 10 11 12
26.7734 10 9 1 6 5 4 2 8 7 3 11 12
26.7818 4 7 2 3 6 5 1 9 8 10 11 12
26.7839 3 6 1 9 10 4 5 8 7 2 11 12
26.7876 7 3 1 10 9 5 6 4 2 8 11 12
26.7911 2 6 1 10 4 3 5 7 8 9 11 12
26.7917 8 4 2 1 5 6 7 9 10 3 11 12
26.7919 1 4 2 5 8 3 7 6 10 9 11 12
26.7919 1 4 2 5 8 3 7 6 10 9 11 12
26.7933 10 3 1 2 9 4 5 8 7 6 11 12
26.8004 9 3 1 6 10 2 8 4 5 7 11 12
26.8087 2 10 9 8 7 5 1 4 6 3 11 12
26.8127 1 10 9 6 5 4 2 8 7 3 11 12
26.8127 1 10 9 6 5 4 2 8 7 3 11 12
26.8135 4 8 1 10 5 2 3 6 7 9 11 12
26.8151 9 10 1 6 2 3 7 4 5 8 11 12
26.8159 8 10 1 6 5 4 9 3 7 2 11 12
26.8181 8 2 3 4 1 6 7 10 9 5 11 12
26.8214 9 10 1 6 2 3 8 4 5 7 11 12
26.8241 4 10 3 9 6 5 2 8 7 1 11 12
26.827 1 2 3 9 4 7 5 6 8 10 11 12
26.827 1 2 3 9 4 7 5 6 8 10 11 12
26.8308 1 10 9 8 7 3 2 6 5 4 11 12
26.8308 1 10 9 8 7 3 2 6 5 4 11 12
26.8393 3 9 2 10 6 4 5 8 7 1 11 12
26.8398 2 10 9 8 6 1 7 4 5 3 11 12
26.8405 4 9 2 3 6 5 10 8 7 1 11 12
26.8408 1 5 9 4 6 7 8 2 10 3 11 12
26.8408 1 5 9 4 6 7 8 2 10 3 11 12
26.8413 2 10 8 6 9 1 3 4 5 7 11 12
26.846 4 2 9 7 1 3 5 6 8 10 11 12
26.8469 2 10 8 9 7 1 3 4 5 6 11 12
26.8469 6 7 9 10 1 3 5 2 8 4 11 12
26.8476 1 9 10 4 3 7 2 6 5 8 11 12
26.8476 1 9 10 4 3 7 2 6 5 8 11 12
26.848 1 8 9 7 5 3 4 6 2 10 11 12
26.848 1 8 9 7 5 3 4 6 2 10 11 12
26.8571 8 7 9 4 5 3 1 6 2 10 11 12
26.8603 1 10 9 2 6 5 3 4 8 7 11 12
26.8603 1 10 9 2 6 5 3 4 8 7 11 12
26.8603 4 5 9 8 3 2 1 6 7 10 11 12
26.8607 6 5 7 10 9 3 1 4 2 8 11 12
26.8636 1 10 3 4 7 2 6 5 9 8 11 12
26.8636 1 10 3 4 7 2 6 5 9 8 11 12
26.8659 9 6 5 2 7 1 3 4 10 8 11 12
26.8675 8 2 1 9 5 4 3 7 6 10 11 12
26.8683 9 2 1 5 10 4 3 7 6 8 11 12
26.8683 1 2 3 10 7 6 5 9 8 4 11 12
26.8683 1 2 3 10 7 6 5 9 8 4 11 12
26.8736 6 3 2 1 10 4 5 8 9 7 11 12
26.8779 2 3 8 9 6 1 10 4 5 7 11 12
26.88 1 5 2 3 4 6 10 8 9 7 11 12
26.88 1 5 2 3 4 6 10 8 9 7 11 12
26.8836 9 3 2 6 10 1 8 4 5 7 11 12
26.8837 6 4 10 1 2 3 5 7 8 9 11 12
26.8874 1 7 9 10 4 3 2 6 8 5 11 12
26.8874 1 7 9 10 4 3 2 6 8 5 11 12
26.8913 1 2 3 9 4 5 6 7 8 10 11 12
26.8913 1 2 3 9 4 5 6 7 8 10 11 12
26.8929 11 4 7 6 8 2 3 5 1 9 10 12
26.8937 3 6 1 2 5 4 9 7 8 10 11 12
26.8975 5 7 8 2 6 1 9 3 10 4 11 12
26.8992 2 6 1 3 4 5 7 8 9 10 11 12
26.9052 1 8 9 7 2 3 4 6 5 10 11 12
26.9052 1 8 9 7 2 3 4 6 5 10 11 12
26.9079 8 3 9 1 2 4 5 6 7 10 11 12
26.9099 9 6 1 7 4 5 3 8 2 10 11 12
26.9124 1 6 5 4 7 8 9 2 10 3 11 12
26.9124 1 6 5 4 7 8 9 2 10 3 11 12
26.9144 3 10 1 2 5 4 6 8 7 9 11 12
26.9158 11 8 1 7 4 3 2 6 5 9 10 12
26.9205 1 7 9 8 5 3 4 6 2 10 11 12
26.9205 1 7 9 8 5 3 4 6 2 10 11 12
26.9212 3 9 7 6 10 2 1 4 5 8 11 12
26.9238 6 10 9 2 5 1 3 4 8 7 11 12
26.9241 4 2 3 1 7 6 5 10 8 9 11 12
26.9381 8 4 1 2 5 6 7 9 10 3 11 12
26.9398 3 8 1 2 4 5 6 7 9 10 11 12
26.9449 1 4 10 7 8 2 3 6 5 9 11 12
26.9449 1 4 10 7 8 2 3 6 5 9 11 12
26.9453 9 5 3 10 1 2 7 4 6 8 11 12
26.9454 7 6 1 2 5 4 3 8 9 10 11 12
26.9472 4 5 8 9 3 2 1 6 7 10 11 12
26.9481 6 2 9 3 5 4 10 8 7 1 11 12
26.9482 1 4 3 10 7 6 5 8 9 2 11 12
26.9482 1 4 3 10 7 6 5 8 9 2 11 12
26.949 6 7 3 2 4 5 1 8 9 10 11 12
26.9496 1 7 10 4 8 2 3 6 5 9 11 12
26.9496 1 7 10 4 8 2 3 6 5 9 11 12
26.9509 4 10 1 9 2 3 5 6 7 8 11 12
26.9515 1 3 10 9 5 2 4 6 7 8 11 12
26.9515 1 3 10 9 5 2 4 6 7 8 11 12
26.9517 1 9 2 3 4 7 10 6 5 8 11 12
26.9517 1 9 2 3 4 7 10 6 5 8 11 12
26.958 11 1 8 7 2 4 3 6 5 9 10 12
26.9619 7 10 9 6 3 2 1 5 4 8 11 12
26.9624 1 10 9 6 5 4 8 3 7 2 11 12
26.9624 1 10 9 6 5 4 8 3 7 2 11 12
26.9639 1 10 9 8 6 2 7 4 5 3 11 12
26.9639 1 10 9 8 6 2 7 4 5 3 11 12
26.964 4 6 3 2 7 5 1 9 8 10 11 12
26.9647 6 2 8 3 9 1 5 4 10 7 11 12
26.9655 2 3 8 9 5 1 4 7 6 10 11 12
26.9663 4 6 3 2 9 5 1 8 7 10 11 12
26.9798 4 2 1 8 9 3 6 7 5 10 11 12
26.9832 7 2 1 10 4 6 5 9 8 3 11 12
26.9835 2 5 1 10 9 3 4 7 6 8 11 12
26.9835 11 7 9 2 5 1 4 6 3 8 10 12
26.9863 7 5 9 2 1 3 4 6 8 10 11 12
26.9864 8 10 7 5 4 3 1 2 6 9 11 12
26.9874 3 7 1 2 10 4 5 8 9 6 11 12
26.9885 9 2 1 6 5 4 10 8 7 3 11 12
26.9892 8 5 9 1 4 3 7 6 2 10 11 12
26.9895 3 5 1 2 6 4 10 8 7 9 11 12
26.9924 11 1 2 9 6 5 4 8 7 3 10 12
26.9964 1 8 3 4 7 6 2 10 9 5 11 12
26.9964 9 6 1 7 4 5 10 8 2 3 11 12
26.9964 1 8 3 4 7 6 2 10 9 5 11 12
27.0017 5 3 2 1 6 4 10 8 9 7 11 12
27.0032 1 7 9 8 4 2 3 6 5 10 11 12
27.0032 1 7 9 8 4 2 3 6 5 10 11 12
27.0062 3 5 1 2 4 7 10 6 8 9 11 12
27.0103 5 7 9 1 4 3 2 6 8 10 11 12
27.0105 1 10 9 8 6 4 5 2 7 3 11 12
27.0105 1 10 9 8 6 4 5 2 7 3 11 12
27.011 1 2 9 6 5 4 7 8 3 10 11 12
27.011 1 2 9 6 5 4 7 8 3 10 11 12
27.0127 3 6 2 1 10 4 7 8 5 9 11 12
27.0135 6 3 9 2 5 4 10 8 7 1 11 12
27.0148 9 1 2 10 6 5 4 8 7 3 11 12
27.0154 1 9 2 3 6 5 4 8 7 10 11 12
27.0154 1 9 2 3 6 5 4 8 7 10 11 12
27.0159 2 6 1 9 10 4 5 8 7 3 11 12
27.0175 1 2 8 10 4 3 6 7 5 9 11 12
27.0175 1 2 8 10 4 3 6 7 5 9 11 12
27.0181 2 1 10 4 8 7 3 6 5 9 11 12
27.0183 4 7 10 2 1 3 5 6 8 9 11 12
27.023 9 8 1 2 5 4 3 7 6 10 11 12
27.0263 9 2 1 10 3 5 4 8 6 7 11 12
27.034 9 8 2 3 6 5 10 4 1 7 11 12
27.0375 11 5 1 2 3 4 6 7 8 9 10 12
27.0404 11 2 1 9 8 3 4 6 7 5 10 12
27.0431 2 1 9 8 5 4 3 7 6 10 11 12
27.046 5 4 9 1 2 3 7 6 8 10 11 12
27.05 9 7 6 5 10 2 1 4 3 8 11 12
27.0503 9 3 2 8 10 1 6 4 5 7 11 12
27.0505 2 10 1 9 5 4 3 7 6 8 11 12
27.0511 1 8 2 5 4 3 7 6 9 10 11 12
27.0511 1 8 2 5 4 3 7 6 9 10 11 12
27.0524 1 2 9 4 7 3 5 6 8 10 11 12
27.0524 1 2 9 4 7 3 5 6 8 10 11 12
27.0686 3 10 1 2 5 4 6 8 9 7 11 12
27.0719 1 2 7 9 4 3 5 6 8 10 11 12
27.0719 1 2 7 9 4 3 5 6 8 10 11 12
27.0752 11 2 1 8 5 4 3 7 6 9 10 12
27.0798 4 5 1 10 3 2 9 6 7 8 11 12
27.0826 6 10 1 2 5 4 3 8 7 9 11 12
27.0893 1 2 9 8 3 4 7 6 5 10 11 12
27.0893 1 2 9 8 3 4 7 6 5 10 11 12
27.0896 6 7 8 3 1 2 5 4 9 10 11 12
27.1024 3 5 2 1 4 6 7 10 9 8 11 12
27.1024 1 4 3 10 2 7 8 6 5 9 11 12
27.1024 1 4 3 10 2 7 8 6 5 9 11 12
27.1032 1 2 9 8 4 5 3 7 6 10 11 12
27.1032 1 2 9 8 4 5 3 7 6 10 11 12
27.1033 9 5 7 6 2 1 3 4 10 8 11 12
27.1034 1 6 9 2 5 4 3 8 7 10 11 12
27.1034 1 6 9 2 5 4 3 8 7 10 11 12
27.1044 3 10 1 2 5 4 9 8 7 6 11 12
27.1049 1 10 3 9 4 6 5 7 8 2 11 12
27.1049 1 10 3 9 4 6 5 7 8 2 11 12
27.1053 1 4 2 3 10 5 6 8 9 7 11 12
27.1053 1 4 2 3 10 5 6 8 9 7 11 12
27.1091 1 6 7 8 10 4 5 2 9 3 11 12
27.1091 1 6 7 8 10 4 5 2 9 3 11 12
27.1104 3 1 2 9 4 5 6 8 7 10 11 12
27.1107 1 7 9 5 4 3 2 6 8 10 11 12
27.1107 1 7 9 5 4 3 2 6 8 10 11 12
27.112 6 7 9 3 4 5 1 8 2 10 11 12
27.1158 3 6 2 1 7 4 5 8 9 10 11 12
27.1159 8 9 1 2 5 4 3 7 6 10 11 12
27.1224 1 2 9 3 5 4 6 8 7 10 11 12
27.1224 1 2 9 3 5 4 6 8 7 10 11 12
27.1225 7 2 9 5 1 3 4 6 8 10 11 12
27.1244 6 2 3 1 10 4 5 8 9 7 11 12
27.1263 8 10 9 1 5 4 2 3 7 6 11 12
27.131 6 8 1 2 5 4 3 7 9 10 11 12
27.1361 2 1 8 3 4 5 6 7 9 10 11 12
27.1396 3 9 1 2 6 4 5 8 7 10 11 12
27.1417 10 3 2 9 4 6 5 7 8 1 11 12
27.1428 4 5 8 9 3 1 2 6 7 10 11 12
27.1437 11 7 8 6 4 2 3 5 1 9 10 12
27.1448 3 2 1 4 10 5 6 9 8 7 11 12
27.1524 3 10 2 1 7 6 5 9 8 4 11 12
27.155 1 2 4 5 8 3 7 6 9 10 11 12
27.155 1 2 4 5 8 3 7 6 9 10 11 12
27.1562 11 4 9 8 2 3 5 6 7 1 10 12
27.1624 8 2 9 1 5 4 3 7 6 10 11 12
27.1667 9 2 1 8 5 4 3 7 6 10 11 12
27.1679 3 9 1 2 7 4 5 8 6 10 11 12
27.1728 1 2 9 7 4 3 5 6 8 10 11 12
27.1728 1 2 9 7 4 3 5 6 8 10 11 12
27.1808 1 4 10 9 6 3 5 7 8 2 11 12
27.1808 1 4 10 9 6 3 5 7 8 2 11 12
27.1826 7 4 9 1 2 3 5 6 8 10 11 12
27.1862 3 2 1 7 4 6 5 9 8 10 11 12
27.1869 2 8 1 10 9 3 4 7 5 6 11 12
27.1873 9 3 1 6 5 4 10 8 7 2 11 12
27.1884 1 2 3 5 8 7 4 6 10 9 11 12
27.1884 1 2 3 5 8 7 4 6 10 9 11 12
27.1975 11 7 9 8 5 2 4 6 3 1 10 12
27.1996 6 3 9 2 10 1 5 4 8 7 11 12
27.2012 3 10 2 1 5 4 6 8 9 7 11 12
27.2016 6 7 4 10 5 2 3 1 9 8 11 12
27.2019 1 4 10 9 6 3 8 7 5 2 11 12
27.2019 1 4 10 9 6 3 8 7 5 2 11 12
27.202 1 2 3 9 8 7 5 6 10 4 11 12
27.202 1 2 3 9 8 7 5 6 10 4 11 12
27.2025 3 10 2 1 9 4 5 8 7 6 11 12
27.2026 8 10 9 5 4 3 1 6 2 7 11 12
27.2032 1 6 10 9 3 2 7 5 4 8 11 12
27.2032 1 6 10 9 3 2 7 5 4 8 11 12
27.2117 3 9 1 6 5 4 2 8 7 10 11 12
27.2136 8 4 9 1 2 3 7 6 5 10 11 12
27.2255 3 6 1 2 4 5 9 8 7 10 11 12
27.2275 3 6 2 9 10 4 5 8 7 1 11 12
27.2302 6 8 7 1 10 2 5 4 9 3 11 12
27.2394 1 5 4 3 7 6 2 10 9 8 11 12
27.2394 1 5 4 3 7 6 2 10 9 8 11 12
27.2421 6 7 1 2 4 5 10 8 9 3 11 12
27.2457 4 1 3 2 10 5 6 9 8 7 11 12
27.2461 9 7 1 2 4 5 3 8 6 10 11 12
27.2531 1 3 9 2 5 4 6 8 7 10 11 12
27.2531 1 3 9 2 5 4 6 8 7 10 11 12
27.2532 6 8 1 10 4 3 2 7 5 9 11 12
27.2539 2 6 8 9 10 1 7 4 5 3 11 12
27.2573 5 10 1 2 3 4 6 7 8 9 11 12
27.2607 1 2 8 3 6 5 4 7 9 10 11 12
27.2607 1 2 8 3 6 5 4 7 9 10 11 12
27.2616 4 3 10 8 1 2 5 6 7 9 11 12
27.2659 1 10 9 8 7 2 3 4 5 6 11 12
27.2659 1 10 9 8 7 2 3 4 5 6 11 12
27.2667 6 10 3 9 2 1 5 4 8 7 11 12
27.2683 3 6 1 2 4 5 7 8 9 10 11 12
27.2691 1 4 2 3 5 6 7 8 9 10 11 12
27.2691 1 4 2 3 5 6 7 8 9 10 11 12
27.2701 2 1 8 9 3 5 4 7 6 10 11 12
27.2707 2 7 10 4 1 3 5 6 8 9 11 12
27.2734 6 7 9 3 2 1 5 4 10 8 11 12
27.2757 10 1 7 2 4 3 5 6 8 9 11 12
27.2829 8 7 4 5 1 3 9 6 2 10 11 12
27.284 3 5 2 1 4 6 7 8 9 10 11 12
27.3062 1 2 9 6 5 4 3 8 7 10 11 12
27.3062 1 2 9 6 5 4 3 8 7 10 11 12
27.3071 1 7 2 3 6 5 10 8 9 4 11 12
27.3071 1 7 2 3 6 5 10 8 9 4 11 12
27.3133 1 6 2 3 10 4 5 8 9 7 11 12
27.3133 1 6 2 3 10 4 5 8 9 7 11 12
27.3159 2 10 3 4 1 7 8 6 5 9 11 12
27.316 11 4 8 7 3 2 6 5 1 9 10 12
27.3209 8 10 1 2 7 4 9 6 5 3 11 12
27.3235 1 8 9 7 2 4 3 6 5 10 11 12
27.3235 1 8 9 7 2 4 3 6 5 10 11 12
27.3307 1 2 3 10 4 7 5 6 9 8 11 12
27.3307 1 2 3 10 4 7 5 6 9 8 11 12
27.3309 6 2 1 3 5 4 9 8 7 10 11 12
27.3362 4 9 3 2 6 5 1 8 7 10 11 12
27.346 9 8 7 1 10 3 4 2 6 5 11 12
27.3468 8 10 9 7 4 3 1 2 6 5 11 12
27.3488 9 7 1 6 10 2 3 4 5 8 11 12
27.35 8 4 9 7 1 3 2 6 5 10 11 12
27.358 8 9 7 10 4 3 1 2 6 5 11 12
27.3589 1 7 2 3 6 5 4 9 10 8 11 12
27.3589 1 7 2 3 6 5 4 9 10 8 11 12
27.3598 1 5 9 8 4 3 7 6 2 10 11 12
27.3598 1 5 9 8 4 3 7 6 2 10 11 12
27.3673 3 9 1 2 5 4 6 7 8 10 11 12
27.3698 4 10 3 2 1 5 6 8 7 9 11 12
27.3715 9 3 1 2 10 4 5 8 7 6 11 12
27.3767 6 7 8 2 10 1 5 4 9 3 11 12
27.3786 3 7 1 2 5 4 10 8 9 6 11 12
27.3797 11 2 1 7 4 5 9 8 3 6 10 12
27.3828 9 7 1 2 5 4 3 8 6 10 11 12
27.3869 9 3 1 2 4 5 6 7 8 10 11 12
27.3893 8 1 3 4 5 6 7 9 10 2 11 12
27.394 9 2 1 7 8 5 10 4 6 3 11 12
27.3952 9 2 1 6 3 5 4 8 7 10 11 12
27.3976 1 2 9 4 5 3 7 6 8 10 11 12
27.3976 1 2 9 4 5 3 7 6 8 10 11 12
27.4055 1 9 10 7 4 3 2 6 5 8 11 12
27.4055 1 9 10 7 4 3 2 6 5 8 11 12
27.4064 1 10 9 8 7 3 2 6 4 5 11 12
27.4064 1 10 9 8 7 3 2 6 4 5 11 12
27.4088 1 7 10 8 4 2 3 6 5 9 11 12
27.4088 1 7 10 8 4 2 3 6 5 9 11 12
27.4206 6 1 8 4 7 2 3 5 9 10 11 12
27.4207 9 6 1 2 4 5 3 8 7 10 11 12
27.4211 9 4 1 2 3 5 6 7 8 10 11 12
27.4253 6 1 10 4 7 2 3 5 9 8 11 12
27.4263 1 10 9 3 5 4 2 8 7 6 11 12
27.4263 1 10 9 3 5 4 2 8 7 6 11 12
27.4277 1 6 2 3 10 5 4 8 9 7 11 12
27.4277 1 6 2 3 10 5 4 8 9 7 11 12
27.4449 9 2 1 3 4 5 6 8 7 10 11 12
27.4458 3 5 2 1 6 4 10 8 9 7 11 12
27.4508 1 4 9 8 2 3 7 6 5 10 11 12
27.4508 1 4 9 8 2 3 7 6 5 10 11 12
27.4538 2 8 1 10 9 3 4 6 7 5 11 12
27.4558 7 2 10 4 1 3 5 6 8 9 11 12
27.4581 6 10 3 1 2 4 5 8 9 7 11 12
27.462 5 7 8 9 1 3 4 6 2 10 11 12
27.4636 3 9 2 1 10 4 5 8 7 6 11 12
27.4663 9 6 8 3 2 1 5 4 10 7 11 12
27.4675 10 1 7 8 9 3 4 2 6 5 11 12
27.469 2 4 9 8 1 5 3 7 6 10 11 12
27.4731 1 4 3 8 2 6 5 7 9 10 11 12
27.4731 1 4 3 8 2 6 5 7 9 10 11 12
27.4782 9 6 5 2 3 1 7 4 10 8 11 12
27.48 3 4 2 1 5 6 7 9 8 10 11 12
27.4842 9 8 7 1 10 2 5 4 6 3 11 12
27.4846 6 9 7 10 4 3 1 2 8 5 11 12
27.4893 1 4 3 5 8 6 7 10 9 2 11 12
27.4893 1 4 3 5 8 6 7 10 9 2 11 12
27.4895 11 5 1 2 9 3 4 6 7 8 10 12
27.4913 7 1 9 8 4 3 5 6 2 10 11 12
27.4988 7 6 9 10 3 2 1 5 4 8 11 12
27.5056 7 4 2 3 10 5 6 9 8 1 11 12
27.5089 3 9 1 2 5 4 10 8 6 7 11 12
27.5152 7 9 1 2 5 4 3 8 6 10 11 12
27.5161 9 7 2 3 6 5 4 8 10 1 11 12
27.5246 4 9 3 2 1 5 6 7 8 10 11 12
27.5304 4 1 3 2 9 5 10 8 7 6 11 12
27.5332 3 6 1 2 5 4 7 8 9 10 11 12
27.5397 1 9 2 10 6 5 4 8 7 3 11 12
27.5397 1 9 2 10 6 5 4 8 7 3 11 12
27.5413 2 10 9 8 7 1 3 4 5 6 11 12
27.5437 6 2 1 9 5 4 3 8 7 10 11 12
27.5538 3 2 1 6 5 4 9 8 7 10 11 12
27.5582 1 9 10 8 7 2 3 6 5 4 11 12
27.5582 1 9 10 8 7 2 3 6 5 4 11 12
27.5603 9 10 7 6 3 2 5 4 1 8 11 12
27.5615 11 5 6 4 8 2 7 1 9 3 10 12
27.5675 6 3 2 1 4 5 7 8 9 10 11 12
27.5696 1 5 9 4 2 3 7 6 8 10 11 12
27.5696 1 5 9 4 2 3 7 6 8 10 11 12
27.574 6 1 9 3 5 4 2 7 8 10 11 12
27.5865 9 6 1 2 4 5 3 7 8 10 11 12
27.5881 1 7 9 8 2 3 4 6 5 10 11 12
27.5881 1 7 9 8 2 3 4 6 5 10 11 12
27.5906 3 10 1 2 6 4 5 8 7 9 11 12
27.5952 6 3 1 9 5 4 2 7 8 10 11 12
27.5975 11 2 1 8 3 4 5 7 6 9 10 12
27.6007 11 7 9 2 4 1 6 5 3 8 10 12
27.6056 2 1 10 3 7 6 4 5 9 8 11 12
27.6064 6 1 8 2 3 5 7 4 9 10 11 12
27.6098 11 8 9 1 2 3 4 6 7 5 10 12
27.6099 9 3 1 2 5 4 6 8 7 10 11 12
27.6115 9 6 3 2 1 5 4 8 7 10 11 12
27.6134 2 7 8 9 10 1 5 4 6 3 11 12
27.6142 2 6 3 4 1 5 7 8 9 10 11 12
27.6158 5 4 9 8 1 3 7 6 2 10 11 12
27.6159 2 7 3 4 6 5 1 9 8 10 11 12
27.619 11 4 1 9 2 3 5 6 7 8 10 12
27.6201 3 10 1 4 8 7 2 6 5 9 11 12
27.6353 1 10 9 6 5 4 2 3 7 8 11 12
27.6353 1 10 9 6 5 4 2 3 7 8 11 12
27.6446 1 7 9 8 4 3 5 6 2 10 11 12
27.6446 1 7 9 8 4 3 5 6 2 10 11 12
27.6494 8 6 1 2 5 4 3 7 9 10 11 12
27.6681 1 2 8 4 5 3 7 6 10 9 11 12
27.6681 1 2 8 4 5 3 7 6 10 9 11 12
27.6698 1 6 2 9 10 5 4 8 7 3 11 12
27.6698 1 6 2 9 10 5 4 8 7 3 11 12
27.6704 4 10 1 3 8 2 5 6 7 9 11 12
27.6711 11 9 7 3 4 2 5 6 1 8 10 12
27.677 6 2 1 8 5 4 3 7 9 10 11 12
27.6779 1 2 9 3 6 4 5 8 7 10 11 12
27.6779 1 2 9 3 6 4 5 8 7 10 11 12
27.6818 9 10 1 7 4 5 2 8 6 3 11 12
27.6836 3 6 7 8 10 1 2 4 5 9 11 12
27.6871 1 4 3 2 10 6 5 8 9 7 11 12
27.6871 1 4 3 2 10 6 5 8 9 7 11 12
27.6884 9 3 1 6 5 4 2 8 7 10 11 12
27.6896 1 10 2 9 6 5 3 4 8 7 11 12
27.6896 1 10 2 9 6 5 3 4 8 7 11 12
27.6964 11 2 1 7 4 5 6 8 3 9 10 12
27.6979 4 10 1 8 9 3 6 7 5 2 11 12
27.7134 2 5 3 4 1 6 7 10 9 8 11 12
27.7213 7 1 2 3 4 5 6 9 8 10 11 12
27.7222 1 2 3 9 4 5 6 8 7 10 11 12
27.7222 1 2 3 9 4 5 6 8 7 10 11 12
27.7372 1 8 9 10 4 3 6 7 5 2 11 12
27.7372 1 8 9 10 4 3 6 7 5 2 11 12
27.7382 9 2 1 6 4 5 7 8 10 3 11 12
27.7396 11 4 9 1 2 3 5 6 7 8 10 12
27.7472 10 2 3 9 4 6 5 7 8 1 11 12
27.7505 9 1 2 3 4 5 6 8 7 10 11 12
27.7555 11 8 9 2 1 3 4 6 7 5 10 12
27.7562 9 8 6 5 10 2 3 4 1 7 11 12
27.76 3 7 2 1 10 4 5 8 9 6 11 12
27.7618 3 2 7 6 9 1 10 4 5 8 11 12
27.7786 3 9 1 2 4 7 10 6 5 8 11 12
27.796 4 3 2 9 10 6 5 7 8 1 11 12
27.8 1 8 10 6 4 3 2 7 5 9 11 12
27.8 1 8 10 6 4 3 2 7 5 9 11 12
27.8032 4 5 10 8 1 2 3 6 7 9 11 12
27.8058 6 10 1 2 5 4 3 8 9 7 11 12
27.8077 1 4 3 5 8 6 2 7 9 10 11 12
27.8077 1 4 3 5 8 6 2 7 9 10 11 12
27.808 3 7 2 1 6 5 4 8 9 10 11 12
27.8103 1 4 3 10 5 7 6 8 9 2 11 12
27.8103 1 4 3 10 5 7 6 8 9 2 11 12
27.8229 11 8 7 4 3 2 6 5 1 9 10 12
27.8267 2 5 1 9 10 4 3 7 6 8 11 12
27.8321 8 1 9 5 4 3 7 6 2 10 11 12
27.838 1 10 3 9 5 6 4 7 8 2 11 12
27.838 1 10 3 9 5 6 4 7 8 2 11 12
27.8516 9 6 1 2 4 5 10 8 7 3 11 12
27.8524 3 4 2 1 7 5 6 9 8 10 11 12
27.8549 1 4 10 8 7 2 3 6 5 9 11 12
27.8549 1 4 10 8 7 2 3 6 5 9 11 12
27.8663 3 10 1 2 9 4 6 7 5 8 11 12
27.8683 1 3 9 8 2 4 5 6 7 10 11 12
27.8683 1 3 9 8 2 4 5 6 7 10 11 12
27.8714 8 3 2 1 4 5 6 7 9 10 11 12
27.8737 4 7 3 2 6 5 1 8 9 10 11 12
27.8798 7 8 9 6 1 2 3 5 4 10 11 12
27.881 3 7 2 1 6 4 10 8 9 5 11 12
27.8816 4 5 1 10 8 2 3 6 7 9 11 12
27.883 9 2 1 6 5 4 3 8 7 10 11 12
27.9003 1 8 10 4 7 2 6 5 9 3 11 12
27.9003 1 8 10 4 7 2 6 5 9 3 11 12
27.9032 7 2 1 9 5 4 3 8 6 10 11 12
27.909 11 7 6 8 4 2 3 5 1 9 10 12
27.9111 5 2 3 4 1 6 7 10 9 8 11 12
27.9175 1 4 2 3 5 6 10 8 9 7 11 12
27.9175 1 4 2 3 5 6 10 8 9 7 11 12
27.9313 9 10 1 2 6 5 4 8 7 3 11 12
27.9323 9 2 1 7 6 5 4 8 10 3 11 12
27.9392 5 10 9 8 4 3 1 6 2 7 11 12
27.9404 11 2 8 7 1 4 3 6 5 9 10 12
27.941 7 2 9 1 4 3 5 6 8 10 11 12
27.9494 10 4 3 1 7 6 5 9 8 2 11 12
27.9523 7 1 9 4 2 3 5 6 8 10 11 12
27.9558 8 9 2 1 6 5 10 4 3 7 11 12
27.9642 2 8 3 4 1 6 7 10 9 5 11 12
27.9702 10 9 6 2 1 5 4 8 7 3 11 12
27.9727 3 6 1 2 10 4 5 7 9 8 11 12
27.9773 1 3 2 5 4 6 7 10 9 8 11 12
27.9773 1 3 2 5 4 6 7 10 9 8 11 12
27.979 1 8 9 7 4 3 2 6 5 10 11 12
27.979 1 8 9 7 4 3 2 6 5 10 11 12
27.9827 1 4 3 6 2 8 5 7 10 9 11 12
27.9827 1 4 3 6 2 8 5 7 10 9 11 12
27.9902 3 10 9 6 5 4 2 8 7 1 11 12
27.9975 11 2 1 8 9 5 4 6 7 3 10 12
28.0009 4 6 3 2 10 5 1 8 7 9 11 12
28.0048 9 5 3 6 2 1 7 4 10 8 11 12
28.0136 1 10 9 8 5 4 2 3 7 6 11 12
28.0136 1 10 9 8 5 4 2 3 7 6 11 12
28.0144 9 3 1 7 4 5 2 8 6 10 11 12
28.0148 10 6 1 2 5 4 3 8 7 9 11 12
28.0175 6 3 2 9 10 4 5 8 7 1 11 12
28.0309 10 5 7 6 9 3 1 2 8 4 11 12
28.0335 1 7 5 4 9 8 3 2 10 6 11 12
28.0335 1 7 5 4 9 8 3 2 10 6 11 12
28.0341 3 9 7 6 2 1 5 4 10 8 11 12
28.037 2 3 8 9 1 5 4 7 6 10 11 12
28.0508 6 7 1 2 4 5 3 8 9 10 11 12
28.0532 4 8 3 2 1 5 6 9 7 10 11 12
28.0562 6 3 9 10 2 1 5 4 8 7 11 12
28.07 9 2 1 7 4 5 6 8 3 10 11 12
28.0701 11 3 2 7 1 5 6 4 8 9 10 12
28.0732 1 2 9 5 4 3 7 6 8 10 11 12
28.0732 1 2 9 5 4 3 7 6 8 10 11 12
28.0782 3 6 2 1 10 4 5 7 8 9 11 12
28.0808 6 7 8 9 10 1 5 4 2 3 11 12
28.0881 1 3 10 4 2 7 8 6 5 9 11 12
28.0881 1 3 10 4 2 7 8 6 5 9 11 12
28.0907 6 7 1 2 3 5 4 8 9 10 11 12
28.0952 3 6 2 1 10 4 8 7 5 9 11 12
28.1089 10 9 7 8 4 3 1 2 6 5 11 12
28.1111 1 10 9 8 5 4 2 6 7 3 11 12
28.1111 1 10 9 8 5 4 2 6 7 3 11 12
28.1192 1 4 2 3 6 5 10 8 9 7 11 12
28.1192 1 4 2 3 6 5 10 8 9 7 11 12
28.1207 1 7 10 8 4 3 2 6 5 9 11 12
28.1207 1 7 10 8 4 3 2 6 5 9 11 12
28.1225 11 3 8 7 4 2 6 5 1 9 10 12
28.129 9 4 1 2 3 5 6 8 7 10 11 12
28.1368 7 8 9 1 5 3 4 6 2 10 11 12
28.1604 4 2 1 10 6 3 5 7 8 9 11 12
28.1652 4 10 1 7 9 3 2 6 5 8 11 12
28.169 8 9 1 6 5 4 2 3 7 10 11 12
28.1721 9 2 1 7 6 5 3 8 4 10 11 12
28.1734 4 1 3 2 10 5 6 7 8 9 11 12
28.1929 11 8 7 6 4 2 3 5 1 9 10 12
28.219 1 2 8 3 4 5 6 7 9 10 11 12
28.219 1 2 8 3 4 5 6 7 9 10 11 12
28.219 7 1 9 8 4 3 2 6 5 10 11 12
28.2442 4 5 9 1 2 3 8 6 7 10 11 12
28.246 11 6 7 8 4 2 3 5 1 9 10 12
28.248 6 8 9 3 2 1 5 4 10 7 11 12
28.2485 6 3 9 2 10 4 5 8 7 1 11 12
28.2548 3 4 2 1 7 5 6 10 8 9 11 12
28.2634 6 9 3 10 2 1 5 4 8 7 11 12
28.2682 6 3 1 2 10 4 5 8 9 7 11 12
28.2754 9 6 5 3 2 1 7 4 10 8 11 12
28.2784 10 3 7 8 4 2 5 6 1 9 11 12
28.3286 7 1 9 8 5 3 4 6 2 10 11 12
28.3293 9 3 7 6 10 2 1 4 5 8 11 12
28.3625 1 2 8 5 4 3 7 6 9 10 11 12
28.3625 1 2 8 5 4 3 7 6 9 10 11 12
28.366 1 9 8 5 4 3 7 6 2 10 11 12
28.366 1 9 8 5 4 3 7 6 2 10 11 12
28.3738 4 9 3 2 6 5 10 8 7 1 11 12
28.3746 5 1 8 3 4 2 6 7 9 10 11 12
28.3752 1 6 9 3 5 4 2 8 7 10 11 12
28.3752 1 6 9 3 5 4 2 8 7 10 11 12
28.3796 4 1 3 2 9 5 6 8 7 10 11 12
28.3802 5 8 9 1 4 3 7 6 2 10 11 12
28.3824 3 10 2 1 7 4 5 8 9 6 11 12
28.3902 1 2 3 9 4 7 5 6 10 8 11 12
28.3902 1 2 3 9 4 7 5 6 10 8 11 12
28.3975 1 3 9 6 5 4 2 8 7 10 11 12
28.3975 1 3 9 6 5 4 2 8 7 10 11 12
28.4062 1 3 10 4 7 2 6 5 9 8 11 12
28.4062 1 3 10 4 7 2 6 5 9 8 11 12
28.4106 3 6 1 2 5 4 10 8 9 7 11 12
28.4119 1 10 7 4 3 2 6 5 9 8 11 12
28.4119 1 10 7 4 3 2 6 5 9 8 11 12
28.4275 1 4 2 3 10 6 5 8 9 7 11 12
28.4275 1 4 2 3 10 6 5 8 9 7 11 12
28.4349 8 7 9 5 1 3 4 6 2 10 11 12
28.4513 4 10 1 6 9 3 2 7 5 8 11 12
28.4761 3 5 2 1 7 4 6 8 9 10 11 12
28.4842 1 5 10 2 3 4 6 7 8 9 11 12
28.4842 1 5 10 2 3 4 6 7 8 9 11 12
28.4872 11 8 7 2 3 4 5 6 1 9 10 12
28.4967 2 8 1 10 4 3 6 7 5 9 11 12
28.4978 8 7 9 1 4 3 2 6 5 10 11 12
28.5052 1 4 10 9 2 3 6 7 5 8 11 12
28.5052 1 4 10 9 2 3 6 7 5 8 11 12
28.5152 1 2 3 4 8 7 10 6 5 9 11 12
28.5152 1 2 3 4 8 7 10 6 5 9 11 12
28.5222 1 10 3 4 8 7 2 6 5 9 11 12
28.5222 1 10 3 4 8 7 2 6 5 9 11 12
28.5267 1 7 10 9 4 3 2 6 5 8 11 12
28.5267 1 7 10 9 4 3 2 6 5 8 11 12
28.554 8 6 9 1 5 4 2 3 7 10 11 12
28.557 3 2 7 6 9 1 5 4 10 8 11 12
28.5639 6 5 9 3 2 1 7 4 10 8 11 12
28.564 1 2 9 8 4 3 7 6 5 10 11 12
28.564 1 2 9 8 4 3 7 6 5 10 11 12
28.5667 11 4 8 2 5 3 6 7 1 9 10 12
28.5889 3 9 1 2 4 5 6 7 8 10 11 12
28.596 11 6 5 4 8 2 7 1 9 3 10 12
28.6067 9 3 1 2 4 5 6 8 7 10 11 12
28.6126 1 5 9 8 3 4 2 6 7 10 11 12
28.6126 1 5 9 8 3 4 2 6 7 10 11 12
28.6189 1 5 3 4 7 6 2 10 9 8 11 12
28.6189 1 5 3 4 7 6 2 10 9 8 11 12
28.6345 1 5 2 3 4 6 7 10 9 8 11 12
28.6345 1 5 2 3 4 6 7 10 9 8 11 12
28.6353 3 10 1 2 9 4 6 7 8 5 11 12
28.668 1 4 3 10 7 6 5 9 8 2 11 12
28.668 1 4 3 10 7 6 5 9 8 2 11 12
28.669 6 10 9 3 2 1 5 4 8 7 11 12
28.6707 4 8 1 7 9 3 2 6 5 10 11 12
28.6746 11 6 8 4 3 2 7 5 1 9 10 12
28.6859 3 10 2 1 6 4 5 8 9 7 11 12
28.6937 4 10 1 9 8 2 3 6 7 5 11 12
28.7044 9 7 5 2 6 1 8 3 10 4 11 12
28.7234 9 6 1 7 4 5 2 8 3 10 11 12
28.7425 10 4 1 2 3 5 6 7 8 9 11 12
28.7571 8 7 9 1 5 3 4 6 2 10 11 12
28.7573 4 1 3 2 6 5 9 8 7 10 11 12
28.7586 11 8 1 2 9 3 4 6 7 5 10 12
28.7699 5 1 8 9 4 3 7 6 2 10 11 12
28.7746 6 1 9 3 5 4 2 8 7 10 11 12
28.7759 1 2 3 8 4 7 10 6 5 9 11 12
28.7759 1 2 3 8 4 7 10 6 5 9 11 12
28.7888 2 9 1 10 8 3 4 6 7 5 11 12
28.7921 10 9 7 6 4 3 5 2 8 1 11 12
28.793 8 5 2 10 9 1 6 4 3 7 11 12
28.7965 1 5 3 2 8 7 6 10 9 4 11 12
28.7965 1 5 3 2 8 7 6 10 9 4 11 12
28.7966 2 1 9 8 4 5 3 7 6 10 11 12
28.7968 7 2 9 4 1 3 5 6 8 10 11 12
28.8038 1 4 9 10 2 3 7 6 5 8 11 12
28.8038 1 4 9 10 2 3 7 6 5 8 11 12
28.8092 3 4 2 1 7 6 5 9 8 10 11 12
28.8156 3 5 1 2 9 4 10 8 7 6 11 12
28.8294 4 1 2 8 5 6 10 9 7 3 11 12
28.8458 4 6 7 8 10 1 2 3 5 9 11 12
28.85 1 3 2 9 4 5 6 8 7 10 11 12
28.85 1 3 2 9 4 5 6 8 7 10 11 12
28.8794 3 9 1 2 4 5 6 8 7 10 11 12
28.8812 8 7 9 1 4 3 5 6 2 10 11 12
28.8936 11 9 1 2 8 3 4 6 7 5 10 12
28.9016 1 6 2 3 4 5 7 8 9 10 11 12
28.9016 1 6 2 3 4 5 7 8 9 10 11 12
28.914 3 7 2 1 6 4 5 8 9 10 11 12
28.9159 3 10 1 2 9 4 5 7 8 6 11 12
28.9332 1 4 3 10 5 6 7 8 9 2 11 12
28.9332 1 4 3 10 5 6 7 8 9 2 11 12
28.9389 1 2 3 10 4 7 8 6 5 9 11 12
28.9389 1 2 3 10 4 7 8 6 5 9 11 12
28.9437 9 3 1 2 5 4 10 8 7 6 11 12
28.9595 1 8 10 7 4 3 2 6 5 9 11 12
28.9595 1 8 10 7 4 3 2 6 5 9 11 12
28.9645 8 10 9 6 5 4 2 3 7 1 11 12
28.9919 6 3 10 9 5 4 2 8 7 1 11 12
28.9937 4 6 3 2 1 5 10 8 7 9 11 12
29.0007 7 5 9 1 4 3 2 6 8 10 11 12
29.033 1 2 9 8 5 4 3 7 6 10 11 12
29.033 1 2 9 8 5 4 3 7 6 10 11 12
29.0714 5 7 9 8 1 3 4 6 2 10 11 12
29.0717 1 2 8 4 5 3 7 6 9 10 11 12
29.0717 1 2 8 4 5 3 7 6 9 10 11 12
29.0788 1 4 9 10 6 3 8 7 5 2 11 12
29.0788 1 4 9 10 6 3 8 7 5 2 11 12
29.0803 6 9 7 10 5 3 1 2 8 4 11 12
29.0857 8 1 2 4 5 6 7 9 10 3 11 12
29.1104 3 6 2 1 10 4 5 8 7 9 11 12
29.1244 3 5 2 1 4 6 7 9 8 10 11 12
29.1286 1 6 10 4 3 2 7 5 9 8 11 12
29.1286 1 6 10 4 3 2 7 5 9 8 11 12
29.1327 2 1 9 8 3 5 4 7 6 10 11 12
29.1401 3 6 2 1 10 4 5 7 9 8 11 12
29.1413 1 6 9 8 5 4 2 3 7 10 11 12
29.1413 1 6 9 8 5 4 2 3 7 10 11 12
29.1437 1 8 3 4 7 2 6 5 9 10 11 12
29.1437 1 8 3 4 7 2 6 5 9 10 11 12
29.1635 3 10 1 2 9 4 8 7 5 6 11 12
29.1712 1 2 9 8 3 4 5 6 7 10 11 12
29.1712 1 2 9 8 3 4 5 6 7 10 11 12
29.1827 1 6 10 4 7 2 3 5 9 8 11 12
29.1827 1 6 10 4 7 2 3 5 9 8 11 12
29.1847 1 4 9 10 2 3 6 7 5 8 11 12
29.1847 1 4 9 10 2 3 6 7 5 8 11 12
29.1944 6 9 8 10 2 1 5 4 3 7 11 12
29.2079 8 1 9 7 4 3 2 6 5 10 11 12
29.2188 10 9 7 6 4 3 1 2 8 5 11 12
29.2253 6 3 2 8 9 1 5 4 10 7 11 12
29.2613 9 2 1 8 3 5 4 7 6 10 11 12
29.2731 6 2 9 3 5 4 1 8 7 10 11 12
29.3203 4 8 1 6 9 3 2 7 5 10 11 12
29.3317 1 10 2 9 6 5 4 8 7 3 11 12
29.3317 1 10 2 9 6 5 4 8 7 3 11 12
29.3425 6 9 8 3 2 1 5 4 10 7 11 12
29.3601 1 7 9 10 4 3 2 6 5 8 11 12
29.3601 1 7 9 10 4 3 2 6 5 8 11 12
29.372 10 4 2 1 7 6 5 9 8 3 11 12
29.3909 2 8 1 9 10 4 3 7 6 5 11 12
29.3961 9 6 3 5 2 1 7 4 10 8 11 12
29.4009 8 1 2 10 6 5 4 9 7 3 11 12
29.4692 4 10 3 2 6 5 9 8 7 1 11 12
29.475 3 9 2 10 6 5 4 8 7 1 11 12
29.4829 5 1 9 8 4 3 7 6 2 10 11 12
29.5163 2 8 9 1 5 4 3 7 6 10 11 12
29.5594 2 10 8 9 6 1 7 4 5 3 11 12
29.5673 1 2 3 9 10 6 5 7 8 4 11 12
29.5673 1 2 3 9 10 6 5 7 8 4 11 12
29.569 1 2 3 10 4 7 5 6 8 9 11 12
29.569 1 2 3 10 4 7 5 6 8 9 11 12
29.5753 4 9 3 2 1 5 10 8 7 6 11 12
29.5979 11 7 8 4 3 2 6 5 1 9 10 12
29.5992 2 6 1 10 4 3 8 7 5 9 11 12
29.6371 10 5 6 7 9 3 1 2 8 4 11 12
29.6639 1 2 3 9 5 6 4 7 8 10 11 12
29.6639 1 2 3 9 5 6 4 7 8 10 11 12
29.6841 1 4 3 8 2 6 7 5 9 10 11 12
29.6841 1 4 3 8 2 6 7 5 9 10 11 12
29.7032 2 8 1 9 5 4 3 7 6 10 11 12
29.7231 3 7 1 2 5 4 6 8 9 10 11 12
29.8056 6 5 3 9 2 1 7 4 10 8 11 12
29.8152 6 5 3 10 1 2 7 4 9 8 11 12
29.8251 9 6 1 2 5 4 3 8 7 10 11 12
29.8271 4 10 1 8 7 2 3 6 5 9 11 12
29.8274 11 8 6 7 4 2 3 5 1 9 10 12
29.8297 10 9 7 6 5 3 1 2 8 4 11 12
29.8504 9 6 1 2 5 4 10 8 7 3 11 12
29.8624 6 10 9 3 5 4 2 8 7 1 11 12
29.9079 1 7 10 4 3 2 6 5 9 8 11 12
29.9079 1 7 10 4 3 2 6 5 9 8 11 12
29.9265 4 1 8 9 5 3 7 6 2 10 11 12
29.9388 3 6 2 1 5 4 7 8 9 10 11 12
29.9538 3 6 1 2 5 4 9 8 7 10 11 12
29.9563 1 4 3 9 2 6 5 7 8 10 11 12
29.9563 1 4 3 9 2 6 5 7 8 10 11 12
30.0169 4 6 3 2 1 5 9 8 7 10 11 12
30.0269 7 5 9 8 1 3 2 6 4 10 11 12
30.0635 9 2 1 6 10 5 4 8 7 3 11 12
30.0707 3 6 1 2 5 4 10 8 7 9 11 12
30.0741 1 2 4 5 8 3 7 6 10 9 11 12
30.0741 1 2 4 5 8 3 7 6 10 9 11 12
30.209 3 9 1 2 5 4 10 8 7 6 11 12
30.4792 1 5 2 3 4 6 7 8 9 10 11 12
30.4792 1 5 2 3 4 6 7 8 9 10 11 12
30.569 1 4 2 5 8 6 7 10 9 3 11 12
30.569 1 4 2 5 8 6 7 10 9 3 11 12
30.5722 1 4 3 9 5 6 2 7 8 10 11 12
30.5722 1 4 3 9 5 6 2 7 8 10 11 12
30.5968 11 6 8 3 4 2 7 5 1 9 10 12
30.5974 3 7 2 1 5 4 6 8 9 10 11 12
30.5984 8 7 9 5 4 3 1 6 2 10 11 12
30.6755 3 6 1 2 10 4 5 8 7 9 11 12
30.6967 1 8 9 5 4 3 7 6 2 10 11 12
30.6967 1 8 9 5 4 3 7 6 2 10 11 12
30.877 1 7 2 3 6 5 4 8 9 10 11 12
30.877 1 7 2 3 6 5 4 8 9 10 11 12
30.9079 2 3 9 8 1 5 4 7 6 10 11 12
31.0596 1 2 3 9 4 6 5 7 8 10 11 12
31.0596 1 2 3 9 4 6 5 7 8 10 11 12
31.0869 1 8 9 6 5 4 2 3 7 10 11 12
31.0869 1 8 9 6 5 4 2 3 7 10 11 12
31.1032 1 7 9 8 4 3 2 6 5 10 11 12
31.1032 1 7 9 8 4 3 2 6 5 10 11 12
31.1067 9 6 1 2 10 5 4 8 7 3 11 12
31.1294 4 7 3 2 6 5 1 9 8 10 11 12
31.138 3 9 1 2 5 4 6 8 7 10 11 12
31.2091 1 2 3 9 4 7 10 6 5 8 11 12
31.2091 1 2 3 9 4 7 10 6 5 8 11 12
31.2349 5 7 9 8 4 3 1 6 2 10 11 12
31.2857 8 1 9 6 5 4 2 3 7 10 11 12
31.3752 1 4 3 9 10 6 5 7 8 2 11 12
31.3752 1 4 3 9 10 6 5 7 8 2 11 12
31.4083 3 9 1 2 10 4 5 8 7 6 11 12
31.6389 4 9 3 2 1 5 6 8 7 10 11 12
31.7655 9 6 1 2 10 4 5 8 7 3 11 12
31.9763 4 10 1 7 8 2 3 6 5 9 11 12
31.9888 3 6 1 2 10 4 5 8 9 7 11 12
32.1079 11 6 8 7 4 2 3 5 1 9 10 12
32.2585 3 6 2 1 10 4 5 8 9 7 11 12
32.3318 6 3 9 10 5 4 2 8 7 1 11 12
32.9238 3 10 1 2 9 4 5 8 7 6 11 12