1000
3 4 4 2 2 2 2 2 1 1 2 2 2 2
18.2024 7 1 10 6 5 8 2 3 11 9 4 12
18.2024 7 11 10 5 3 8 2 6 1 9 4 12
18.2024 9 11 8 1 5 3 4 2 10 7 6 12
18.2024 7 1 10 5 3 11 6 2 8 9 4 12
18.2038 10 4 3 1 7 2 6 5 9 8 11 12
18.2048 3 9 10 1 6 4 2 5 8 7 11 12
18.2056 9 2 6 7 1 11 4 3 5 10 8 12
18.2056 5 4 10 6 7 11 3 2 1 9 8 12
18.2079 5 10 9 1 2 4 7 6 8 3 11 12
18.2119 5 10 9 1 2 4 7 6 8 11 3 12
18.2167 2 7 6 10 9 1 4 3 8 5 11 12
18.2167 4 2 7 5 11 10 6 3 1 9 8 12
18.2167 6 1 9 4 3 7 5 10 11 8 2 12
18.2181 9 3 2 5 6 4 10 8 11 1 7 12
18.219 3 7 2 10 9 4 5 6 8 1 11 12
18.219 6 10 8 3 11 7 2 5 1 9 4 12
18.2205 3 6 8 10 2 1 11 4 5 7 9 12
18.2222 8 3 4 7 2 10 11 5 1 9 6 12
18.2222 4 11 10 1 7 8 6 2 5 9 3 12
18.2228 1 5 10 4 7 11 3 2 6 9 8 12
18.2228 1 5 10 4 7 11 3 2 6 9 8 12
18.2246 6 8 10 11 2 1 4 5 7 9 3 12
18.2333 3 7 1 11 4 2 8 9 6 5 10 12
18.2333 3 1 8 4 11 7 2 6 10 9 5 12
18.2333 4 6 8 9 1 2 3 5 7 10 11 12
18.2342 5 7 11 10 8 2 3 4 6 1 9 12
18.2357 5 11 9 2 1 7 6 4 10 8 3 12
18.2357 7 10 2 3 11 6 9 8 1 5 4 12
18.2357 2 8 6 10 9 3 1 4 7 5 11 12
18.2357 3 4 11 10 1 2 7 6 5 9 8 12
18.2357 4 7 8 11 10 3 5 6 2 1 9 12
18.2357 5 8 7 3 11 6 1 10 4 9 2 12
18.2357 4 1 10 6 7 5 2 3 8 9 11 12
18.2389 7 8 3 1 2 6 5 11 10 9 4 12
18.2389 3 7 1 11 8 2 4 5 6 10 9 12
18.2389 7 10 1 3 8 6 5 4 11 9 2 12
18.2405 2 5 9 8 6 11 4 3 1 10 7 12
18.2412 1 6 8 11 5 4 2 3 7 9 10 12
18.2412 1 6 8 11 5 4 2 3 7 9 10 12
18.2429 7 4 10 1 8 3 6 9 11 5 2 12
18.2429 3 1 6 4 11 10 9 8 7 2 5 12
18.2451 9 2 4 5 11 10 7 8 3 1 6 12
18.2467 1 5 3 4 8 7 10 11 2 9 6 12
18.2467 1 5 3 4 8 7 10 11 2 9 6 12
18.247 1 9 8 11 4 3 7 6 2 5 10 12
18.247 1 9 8 11 4 3 7 6 2 5 10 12
18.2484 5 10 11 1 2 8 6 7 4 9 3 12
18.2485 4 7 10 11 6 2 3 8 5 1 9 12
18.25 3 10 6 7 9 5 1 2 8 11 4 12
18.25 4 11 10 6 7 8 3 2 1 9 5 12
18.25 3 9 10 6 11 5 2 4 8 7 1 12
18.25 5 10 8 1 3 7 11 6 4 9 2 12
18.2507 9 5 4 3 6 2 10 8 11 1 7 12
18.2524 2 5 7 10 11 1 6 3 4 9 8 12
18.2524 7 1 10 3 2 8 6 9 11 5 4 12
18.2524 9 11 3 6 4 10 7 8 2 1 5 12
18.2538 6 3 1 4 5 10 7 9 8 2 11 12
18.2538 1 3 10 11 2 6 8 7 9 5 4 12
18.2538 1 3 10 11 2 6 8 7 9 5 4 12
18.254 1 10 8 5 4 2 6 7 3 9 11 12
18.254 1 10 8 5 4 2 6 7 3 9 11 12
18.254 1 3 4 6 10 8 2 7 11 9 5 12
18.254 1 3 4 6 10 8 2 7 11 9 5 12
18.254 5 3 8 4 11 7 2 6 10 9 1 12
18.2556 1 2 4 8 6 11 9 10 3 5 7 12
18.2556 1 2 4 8 6 11 9 10 3 5 7 12
18.2556 10 2 1 6 4 11 9 8 3 5 7 12
18.2594 5 2 9 1 10 4 7 6 8 3 11 12
18.2619 5 6 8 10 4 3 2 1 7 11 9 12
18.2627 7 11 9 2 1 10 5 3 6 8 4 12
18.2667 4 7 10 2 1 9 3 5 6 8 11 12
18.2667 2 11 9 7 6 5 4 3 8 10 1 12
18.269 1 5 9 6 11 2 7 10 4 3 8 12
18.269 1 5 9 6 11 2 7 10 4 3 8 12
18.269 4 6 10 11 1 2 3 5 7 8 9 12
18.269 4 10 9 6 1 3 7 8 2 5 11 12
18.269 8 4 2 3 6 10 9 11 7 1 5 12
18.269 5 11 3 10 1 8 7 6 4 9 2 12
18.2713 1 8 7 11 10 6 4 5 9 3 2 12
18.2713 1 8 7 11 10 6 4 5 9 3 2 12
18.2714 2 4 9 10 11 7 5 6 1 8 3 12
18.2722 9 11 7 4 10 8 2 3 1 6 5 12
18.2722 5 3 8 6 1 10 11 4 2 7 9 12
18.2722 6 8 10 11 7 2 5 4 1 9 3 12
18.2746 9 3 2 7 4 10 11 8 1 5 6 12
18.2747 7 1 10 4 5 6 3 2 8 9 11 12
18.2762 9 4 3 6 11 10 8 5 2 1 7 12
18.2763 1 3 8 11 4 2 7 6 9 10 5 12
18.2763 1 3 8 11 4 2 7 6 9 10 5 12
18.28 5 3 8 10 11 1 2 6 7 9 4 12
18.2833 11 1 8 9 10 6 5 4 3 7 2 12
18.2833 5 8 10 2 3 4 6 7 11 9 1 12
18.2833 8 3 4 6 2 10 9 11 1 7 5 12
18.2833 6 10 8 4 2 7 11 5 1 9 3 12
18.2833 7 11 1 2 4 6 9 8 10 5 3 12
18.2833 10 9 2 6 1 4 3 5 11 8 7 12
18.2842 3 2 8 9 11 1 5 4 6 7 10 12
18.2857 4 6 8 11 1 2 5 3 7 9 10 12
18.2872 5 4 9 7 11 1 6 2 3 8 10 12
18.2881 1 10 4 3 7 2 5 6 9 8 11 12
18.2881 1 10 4 3 7 2 5 6 9 8 11 12
18.2889 4 3 8 6 2 10 5 11 1 9 7 12
18.2913 4 8 7 2 11 5 10 9 6 1 3 12
18.2913 9 3 1 7 5 11 10 8 4 2 6 12
18.2967 11 1 8 3 2 6 5 4 10 7 9 12
18.3 8 11 6 4 9 7 1 2 10 5 3 12
18.3 7 8 1 11 4 6 5 2 10 9 3 12
18.3 2 5 10 4 3 11 7 6 1 9 8 12
18.3 5 8 9 3 2 6 11 4 10 7 1 12
18.3 2 5 9 8 6 11 3 7 10 4 1 12
18.3009 11 1 7 10 4 2 5 3 6 8 9 12
18.3024 11 1 8 10 5 3 2 4 6 7 9 12
18.3024 1 2 9 3 11 10 6 5 7 8 4 12
18.3024 1 2 9 3 11 10 6 5 7 8 4 12
18.3032 8 6 5 9 2 11 3 4 7 1 10 12
18.3038 4 6 8 5 11 10 3 2 7 9 1 12
18.3038 1 2 9 4 3 11 7 6 8 10 5 12
18.3038 1 2 9 4 3 11 7 6 8 10 5 12
18.3038 2 5 4 8 11 3 9 1 7 10 6 12
18.304 8 2 1 6 4 9 7 11 3 5 10 12
18.3056 1 8 4 9 7 3 10 2 6 5 11 12
18.3056 1 8 4 9 7 3 10 2 6 5 11 12
18.3056 7 1 10 5 6 8 3 2 11 9 4 12
18.3079 8 11 4 1 7 9 2 10 3 5 6 12
18.3079 9 11 2 4 6 7 10 8 1 3 5 12
18.3096 5 1 8 4 2 11 6 7 3 9 10 12
18.3118 1 3 2 11 10 6 7 4 9 8 5 12
18.3118 1 3 2 11 10 6 7 4 9 8 5 12
18.3135 11 6 2 9 10 1 5 7 4 3 8 12
18.3167 9 5 1 7 8 11 4 3 2 10 6 12
18.3167 9 3 2 10 11 1 5 4 8 7 6 12
18.3167 4 10 11 1 7 5 3 6 9 8 2 12
18.3167 4 6 9 11 1 2 5 3 7 8 10 12
18.3167 10 6 2 9 1 4 3 5 7 8 11 12
18.3175 4 8 7 1 10 5 3 2 11 6 9 12
18.319 2 1 7 4 11 8 6 3 10 9 5 12
18.3205 10 9 2 6 5 1 11 8 4 3 7 12
18.3214 2 6 4 10 11 1 9 8 5 3 7 12
18.3214 7 11 10 4 2 8 6 5 1 9 3 12
18.3222 1 5 4 8 6 11 9 10 2 3 7 12
18.3222 1 5 4 8 6 11 9 10 2 3 7 12
18.3229 1 6 9 5 11 10 3 4 2 8 7 12
18.3229 1 6 9 5 11 10 3 4 2 8 7 12
18.3246 5 9 4 2 11 6 7 1 10 8 3 12
18.3246 7 1 9 5 2 8 4 6 11 10 3 12
18.3253 7 1 10 4 2 11 5 6 8 9 3 12
18.3333 7 2 10 4 1 11 5 6 9 8 3 12
18.3333 3 7 1 9 8 2 5 4 6 10 11 12
18.3333 2 1 5 10 11 3 8 7 6 4 9 12
18.3342 7 9 3 11 6 1 5 8 10 4 2 12
18.3389 4 11 8 2 1 7 3 5 10 9 6 12
18.3389 10 11 2 9 3 1 4 6 5 8 7 12
18.3389 9 5 8 1 11 10 4 2 3 7 6 12
18.3389 5 11 8 2 3 6 9 4 10 7 1 12
18.3396 7 10 11 4 8 9 5 3 2 1 6 12
18.3404 3 2 9 11 4 5 6 7 8 1 10 12
18.3437 2 8 5 10 9 3 4 1 7 6 11 12
18.3461 11 1 5 10 7 2 3 6 4 8 9 12
18.3484 10 4 3 6 2 5 11 9 8 7 1 12
18.35 3 6 7 11 10 2 4 5 1 9 8 12
18.35 5 11 8 3 2 7 6 4 10 9 1 12
18.35 4 10 8 1 11 5 6 3 9 7 2 12
18.35 5 11 8 7 2 1 6 4 10 9 3 12
18.35 5 10 9 1 3 7 6 11 4 8 2 12
18.3509 6 10 8 4 11 7 1 2 9 3 5 12
18.3524 9 11 2 5 1 8 10 4 3 7 6 12
18.3524 2 1 9 11 4 5 6 7 8 10 3 12
18.3524 3 9 10 6 4 5 2 11 8 7 1 12
18.3524 6 8 2 1 10 4 5 7 9 3 11 12
18.3538 5 9 8 3 11 10 2 4 6 7 1 12
18.3635 9 11 4 5 7 8 2 10 3 1 6 12
18.3652 5 7 8 11 1 4 6 2 3 9 10 12
18.3659 6 10 8 11 5 7 2 3 1 9 4 12
18.3667 8 11 7 4 10 9 3 2 6 5 1 12
18.3667 5 10 8 1 3 4 6 2 11 9 7 12
18.3667 6 4 8 10 2 7 5 11 3 9 1 12
18.3667 6 3 10 1 2 4 7 5 11 9 8 12
18.3667 5 10 9 11 6 3 4 2 8 7 1 12
18.369 6 2 10 1 3 4 5 7 8 9 11 12
18.3705 2 7 1 10 4 3 8 9 6 5 11 12
18.3714 2 5 6 9 4 8 3 7 11 10 1 12
18.3714 7 3 2 5 6 4 10 9 11 1 8 12
18.3714 4 6 7 1 10 5 3 2 8 9 11 12
18.3722 4 11 7 9 10 6 1 5 3 8 2 12
18.3722 10 11 8 6 2 1 4 5 3 9 7 12
18.3722 5 10 8 7 11 1 6 2 4 9 3 12
18.3784 2 4 8 11 5 1 6 7 3 9 10 12
18.3784 3 10 1 5 4 8 7 6 11 9 2 12
18.3786 5 9 1 8 3 11 6 7 4 10 2 12
18.3817 7 9 10 4 1 2 5 6 11 8 3 12
18.3817 8 1 6 4 2 7 11 5 10 9 3 12
18.3818 6 4 10 11 7 5 3 2 8 9 1 12
18.3825 4 11 10 1 7 5 6 3 9 8 2 12
18.3826 1 3 4 6 7 8 2 10 11 9 5 12
18.3826 1 3 4 6 7 8 2 10 11 9 5 12
18.3833 3 7 8 10 11 4 1 2 6 5 9 12
18.3833 5 11 8 7 2 3 6 4 10 9 1 12
18.3833 6 10 9 2 4 7 1 11 5 8 3 12
18.3842 3 2 8 11 1 7 6 4 5 9 10 12
18.3857 6 10 8 2 1 7 5 3 11 9 4 12
18.3857 7 11 3 2 1 6 10 8 9 5 4 12
18.3857 8 4 9 3 1 6 11 7 10 5 2 12
18.3857 5 10 8 3 1 7 4 6 11 9 2 12
18.3859 5 10 8 3 1 7 6 11 4 9 2 12
18.3872 9 4 3 7 10 11 5 8 2 1 6 12
18.3872 4 11 10 1 6 3 9 8 2 7 5 12
18.3872 5 8 11 1 7 6 2 4 10 9 3 12
18.3874 7 9 1 2 8 6 4 5 11 10 3 12
18.3889 3 10 11 7 8 6 5 4 9 1 2 12
18.3944 8 9 2 1 11 6 4 5 10 7 3 12
18.3961 6 1 9 4 3 11 2 10 8 7 5 12
18.3985 5 10 8 3 1 2 4 6 11 9 7 12
18.3985 1 3 9 7 6 10 11 2 4 8 5 12
18.3985 1 3 9 7 6 10 11 2 4 8 5 12
18.4 1 3 10 5 7 8 4 6 2 9 11 12
18.4 1 3 10 5 7 8 4 6 2 9 11 12
18.4 3 6 11 7 1 2 4 8 5 10 9 12
18.4024 4 7 10 11 1 5 6 3 9 8 2 12
18.404 2 4 5 7 8 9 11 10 3 1 6 12
18.4048 4 11 7 9 1 2 3 5 6 8 10 12
18.4048 4 2 7 5 11 10 3 6 1 9 8 12
18.4048 3 5 7 9 4 2 1 11 6 8 10 12
18.4056 6 9 11 2 4 5 8 7 10 1 3 12
18.4056 3 7 11 10 9 4 5 6 8 1 2 12
18.4152 5 10 4 1 11 6 7 8 9 3 2 12
18.4167 4 11 7 6 10 9 2 3 1 8 5 12
18.4167 8 1 6 4 9 7 11 2 10 5 3 12
18.4167 1 9 8 5 11 3 4 2 6 7 10 12
18.4167 1 9 8 5 11 3 4 2 6 7 10 12
18.4175 7 10 11 3 2 8 5 6 1 9 4 12
18.4175 1 3 10 6 4 8 7 2 11 9 5 12
18.4175 1 3 10 6 4 8 7 2 11 9 5 12
18.419 9 11 1 8 5 4 10 2 3 7 6 12
18.4207 1 3 8 11 4 2 6 7 9 10 5 12
18.4207 1 3 8 11 4 2 6 7 9 10 5 12
18.4207 1 10 8 2 4 3 6 7 5 9 11 12
18.4207 1 10 8 2 4 3 6 7 5 9 11 12
18.4214 3 7 8 10 1 2 5 4 6 9 11 12
18.4214 5 10 9 3 1 7 6 4 11 8 2 12
18.4261 6 9 8 4 11 7 5 1 10 2 3 12
18.4261 6 1 9 4 3 11 5 10 7 8 2 12
18.4262 6 10 9 3 1 7 5 4 11 8 2 12
18.4333 4 7 10 11 6 1 2 3 5 8 9 12
18.4333 4 5 8 9 10 1 3 2 6 7 11 12
18.4333 6 9 2 11 10 4 5 7 8 3 1 12
18.4357 3 6 7 10 11 1 4 2 5 9 8 12
18.4357 3 10 7 6 11 5 4 2 8 9 1 12
18.4357 5 11 3 8 10 1 6 7 4 9 2 12
18.4357 9 7 1 5 4 8 11 10 3 2 6 12
18.4372 1 3 10 11 2 4 6 7 8 9 5 12
18.4372 1 3 10 11 2 4 6 7 8 9 5 12
18.4429 10 4 1 11 7 2 5 3 6 8 9 12
18.45 4 6 8 1 2 3 5 11 7 9 10 12
18.45 3 5 8 10 1 2 11 4 6 7 9 12
18.45 5 8 7 3 11 6 4 2 10 9 1 12
18.4538 9 6 2 5 1 8 10 4 11 7 3 12
18.4548 2 6 4 9 11 3 1 8 5 10 7 12
18.4577 8 11 6 3 9 1 10 7 2 5 4 12
18.4595 5 10 8 3 11 1 2 6 4 9 7 12
18.4604 5 10 9 1 11 4 6 2 7 8 3 12
18.4619 11 1 8 3 2 10 5 4 6 7 9 12
18.4667 5 7 9 10 4 3 2 1 6 8 11 12
18.469 1 4 10 11 7 2 5 3 6 8 9 12
18.469 1 4 10 11 7 2 5 3 6 8 9 12
18.469 9 11 5 1 8 10 2 3 4 6 7 12
18.469 1 10 6 2 9 5 3 4 8 7 11 12
18.469 1 10 6 2 9 5 3 4 8 7 11 12
18.469 6 1 3 9 2 8 5 7 11 10 4 12
18.4707 1 4 6 7 11 10 9 8 2 3 5 12
18.4707 1 4 6 7 11 10 9 8 2 3 5 12
18.4722 8 11 5 4 10 9 2 3 1 7 6 12
18.4722 5 9 8 3 11 1 2 4 10 7 6 12
18.4746 3 10 9 1 6 5 2 11 8 7 4 12
18.4762 6 1 9 3 10 11 5 7 8 2 4 12
18.4786 1 9 7 2 4 3 6 5 10 8 11 12
18.4786 1 9 7 2 4 3 6 5 10 8 11 12
18.481 6 10 9 11 7 2 8 5 1 3 4 12
18.4817 7 1 10 3 2 6 5 8 11 9 4 12
18.4833 6 1 10 4 3 8 7 5 11 9 2 12
18.4833 8 3 1 5 4 9 7 6 11 10 2 12
18.4833 10 2 4 5 11 9 8 6 1 3 7 12
18.4833 5 11 8 3 2 6 7 4 10 9 1 12
18.4833 7 11 8 3 2 6 4 5 10 9 1 12
18.4833 5 10 8 3 1 6 4 9 11 7 2 12
18.488 9 11 4 1 8 10 7 6 3 5 2 12
18.4881 8 10 11 6 1 3 5 4 2 9 7 12
18.4889 9 6 3 2 10 1 7 8 11 5 4 12
18.491 1 3 9 2 4 11 7 6 8 10 5 12
18.491 1 3 9 2 4 11 7 6 8 10 5 12
18.4937 8 11 6 3 9 7 2 1 10 4 5 12
18.5 6 10 8 4 11 7 5 9 1 2 3 12
18.5 5 9 3 11 10 4 7 6 8 2 1 12
18.5 7 11 1 8 10 4 6 5 2 3 9 12
18.5 7 10 3 5 6 8 9 1 11 4 2 12
18.5024 9 11 7 5 4 10 2 1 8 3 6 12
18.5024 6 9 8 2 1 7 5 3 11 10 4 12
18.5024 9 3 2 7 11 10 8 4 1 5 6 12
18.5038 4 8 6 2 9 5 11 10 3 7 1 12
18.5056 1 8 5 11 10 4 3 2 6 7 9 12
18.5056 1 8 5 11 10 4 3 2 6 7 9 12
18.5056 3 10 11 7 8 9 6 5 4 1 2 12
18.5062 7 11 8 2 1 6 5 4 10 9 3 12
18.5095 9 4 3 6 5 11 8 10 2 1 7 12
18.5167 3 8 10 11 7 6 4 5 9 1 2 12
18.5167 11 1 8 3 10 6 5 4 9 7 2 12
18.5167 5 11 8 3 2 6 9 4 10 7 1 12
18.5167 7 11 10 6 5 8 3 2 1 9 4 12
18.5167 3 6 8 9 11 1 4 2 5 7 10 12
18.5167 5 9 8 1 11 7 4 6 10 2 3 12
18.5167 4 7 10 11 6 3 5 2 8 9 1 12
18.519 4 7 8 10 11 2 6 3 5 1 9 12
18.519 9 1 3 4 10 8 7 5 11 2 6 12
18.5205 1 3 10 6 7 11 2 4 8 9 5 12
18.5205 1 3 10 6 7 11 2 4 8 9 5 12
18.5205 10 7 2 1 6 4 3 5 9 8 11 12
18.5205 4 3 8 11 1 6 10 5 9 7 2 12
18.5222 9 6 3 2 10 1 7 8 4 5 11 12
18.5222 8 11 6 1 2 7 4 5 10 9 3 12
18.5318 5 8 10 2 1 11 3 4 9 7 6 12
18.5333 6 8 1 4 2 7 11 5 10 9 3 12
18.5357 9 11 6 1 8 3 7 10 2 5 4 12
18.5357 2 5 7 10 11 1 3 4 6 8 9 12
18.5357 10 3 1 2 4 5 7 6 8 9 11 12
18.5357 4 7 8 11 1 2 5 3 6 9 10 12
18.5357 6 10 8 3 2 7 5 11 1 9 4 12
18.5357 1 2 9 3 11 7 5 6 10 8 4 12
18.5357 1 2 9 3 11 7 5 6 10 8 4 12
18.5372 8 7 1 3 2 6 9 10 11 5 4 12
18.5389 9 11 6 4 3 8 10 2 1 7 5 12
18.5429 9 10 8 11 4 1 6 7 3 5 2 12
18.5429 2 4 10 3 1 8 7 6 11 9 5 12
18.5467 8 1 6 11 9 3 10 7 2 5 4 12
18.5485 4 7 11 10 6 2 3 1 5 8 9 12
18.55 2 3 4 11 5 1 7 6 9 8 10 12
18.55 7 11 10 8 5 6 3 2 1 9 4 12
18.5509 1 3 7 6 10 8 5 4 2 9 11 12
18.5509 1 3 7 6 10 8 5 4 2 9 11 12
18.5509 9 5 8 3 11 6 2 4 10 7 1 12
18.5524 6 7 9 10 1 4 3 5 2 8 11 12
18.5538 7 4 10 1 8 3 9 6 2 5 11 12
18.5538 3 10 6 11 2 5 4 7 8 9 1 12
18.5556 10 9 2 5 1 4 6 3 7 8 11 12
18.5618 1 9 10 4 6 2 5 3 7 8 11 12
18.5618 1 9 10 4 6 2 5 3 7 8 11 12
18.5651 3 5 9 8 6 10 4 7 11 2 1 12
18.569 7 1 10 6 5 8 3 2 11 9 4 12
18.5705 5 8 9 1 2 3 6 4 11 10 7 12
18.5722 6 9 7 5 11 1 4 2 10 8 3 12
18.5729 8 4 11 6 5 9 10 7 2 3 1 12
18.5747 6 1 9 3 2 11 5 7 8 10 4 12
18.5786 1 9 7 2 4 3 6 5 11 8 10 12
18.5786 1 9 7 2 4 3 6 5 11 8 10 12
18.5786 1 4 8 7 11 10 6 2 3 9 5 12
18.5786 1 4 8 7 11 10 6 2 3 9 5 12
18.5818 4 8 9 2 6 5 1 3 7 10 11 12
18.5833 5 8 9 1 2 3 6 4 7 10 11 12
18.5833 6 11 8 2 1 7 3 5 10 9 4 12
18.5833 3 8 10 6 7 9 5 4 11 1 2 12
18.5857 9 5 1 4 6 7 8 10 11 3 2 12
18.5881 2 5 7 10 11 1 6 3 4 8 9 12
18.5889 7 1 10 4 5 8 2 6 11 9 3 12
18.5889 1 9 2 10 6 4 3 5 7 8 11 12
18.5889 1 9 2 10 6 4 3 5 7 8 11 12
18.5927 4 3 2 10 9 5 6 7 8 1 11 12
18.5937 9 11 7 1 8 3 6 10 2 5 4 12
18.6 4 11 7 9 10 6 5 2 3 8 1 12
18.6 6 10 8 4 11 7 9 5 1 2 3 12
18.6 4 7 10 11 1 2 5 3 9 8 6 12
18.6 5 9 3 1 6 4 10 8 7 2 11 12
18.6 4 8 9 11 2 6 10 5 3 7 1 12
18.6024 2 4 9 10 1 7 3 5 6 8 11 12
18.6024 4 10 11 1 7 6 3 5 9 8 2 12
18.6038 3 10 1 2 4 5 7 6 11 9 8 12
18.608 5 3 8 10 11 1 2 6 4 9 7 12
18.6095 7 11 10 2 1 4 5 6 9 8 3 12
18.6095 3 5 9 8 6 10 2 7 11 4 1 12
18.619 5 9 10 2 1 4 6 7 8 3 11 12
18.619 8 11 7 6 10 9 2 3 1 5 4 12
18.619 9 6 3 1 7 4 11 10 8 5 2 12
18.6222 8 9 4 1 2 6 11 7 10 5 3 12
18.6222 8 11 6 5 9 7 1 2 10 4 3 12
18.6244 1 3 10 11 2 7 4 6 8 9 5 12
18.6244 1 3 10 11 2 7 4 6 8 9 5 12
18.6246 8 1 6 4 11 7 2 3 10 9 5 12
18.63 2 6 5 11 10 1 7 8 4 3 9 12
18.6318 3 6 10 11 2 4 5 7 8 9 1 12
18.6318 3 6 8 9 11 2 5 4 7 1 10 12
18.6318 6 1 9 4 10 8 7 5 11 2 3 12
18.6333 3 5 7 9 11 4 2 1 6 8 10 12
18.6357 3 6 7 9 4 11 1 2 5 8 10 12
18.6357 7 1 10 4 5 8 3 2 11 9 6 12
18.6398 3 10 8 5 4 9 6 7 11 1 2 12
18.6434 1 3 8 2 5 4 10 7 6 9 11 12
18.6434 1 3 8 2 5 4 10 7 6 9 11 12
18.6437 3 10 9 2 6 5 11 4 8 7 1 12
18.6467 8 11 6 3 9 1 7 10 2 5 4 12
18.65 7 10 4 2 11 5 6 8 9 3 1 12
18.65 6 10 2 3 11 7 5 4 9 8 1 12
18.65 5 11 8 2 3 4 7 6 10 9 1 12
18.65 5 11 8 1 2 7 6 4 10 9 3 12
18.65 5 10 8 3 1 6 9 4 11 7 2 12
18.6538 10 7 8 4 5 1 3 2 6 9 11 12
18.6548 5 10 7 1 11 9 6 3 4 8 2 12
18.6562 8 7 1 9 5 2 4 3 6 11 10 12
18.6619 9 4 3 6 5 10 8 11 2 1 7 12
18.6667 8 11 2 6 10 9 7 5 1 3 4 12
18.669 5 3 9 6 1 11 7 4 2 8 10 12
18.6729 4 7 11 10 1 6 5 3 9 8 2 12
18.6746 1 3 10 2 4 5 7 6 8 9 11 12
18.6746 9 3 1 7 8 11 10 5 4 2 6 12
18.6746 1 3 10 2 4 5 7 6 8 9 11 12
18.6747 1 3 9 8 4 11 7 6 2 10 5 12
18.6747 1 3 9 8 4 11 7 6 2 10 5 12
18.6747 6 8 5 10 2 7 4 11 3 9 1 12
18.6833 2 8 5 10 9 1 4 3 7 6 11 12
18.6833 2 4 9 10 11 1 6 5 3 8 7 12
18.6833 3 8 10 11 7 6 5 4 9 1 2 12
18.6842 4 7 6 10 9 3 1 2 5 11 8 12
18.6857 9 11 6 1 8 10 3 2 7 5 4 12
18.6857 4 8 9 11 2 3 5 6 7 1 10 12
18.6889 9 7 4 10 8 6 1 11 3 5 2 12
18.6889 9 2 7 6 4 10 3 11 1 8 5 12
18.6985 1 3 9 11 4 8 6 7 2 10 5 12
18.6985 1 3 9 11 4 8 6 7 2 10 5 12
18.7 2 3 10 7 6 1 11 4 5 9 8 12
18.7 5 9 8 3 2 6 11 4 10 7 1 12
18.7008 9 3 5 10 2 7 11 4 8 1 6 12
18.7024 6 10 9 2 1 7 3 5 11 8 4 12
18.7024 6 11 9 4 2 7 5 1 10 8 3 12
18.7038 5 8 10 1 7 4 2 3 11 9 6 12
18.7048 9 4 3 8 2 10 11 7 1 5 6 12
18.7056 6 11 9 4 1 7 3 5 10 8 2 12
18.7079 5 10 11 8 2 1 6 7 4 9 3 12
18.7167 10 6 8 1 5 4 2 3 7 9 11 12
18.7167 3 8 7 11 10 6 4 5 9 1 2 12
18.7167 4 7 8 11 1 2 3 5 6 10 9 12
18.7167 9 6 3 2 10 8 7 1 11 5 4 12
18.7167 9 11 5 4 10 8 3 2 1 7 6 12
18.7167 10 3 5 6 8 9 1 11 2 4 7 12
18.719 1 3 9 11 2 8 6 7 4 10 5 12
18.719 1 3 9 11 2 8 6 7 4 10 5 12
18.7207 3 7 11 10 8 4 6 5 9 1 2 12
18.7214 8 6 11 9 4 3 5 2 7 1 10 12
18.7214 10 6 9 4 1 2 5 3 7 8 11 12
18.7214 4 8 7 1 11 5 3 2 10 9 6 12
18.7229 4 9 2 11 8 3 5 6 7 1 10 12
18.7261 1 3 10 2 4 11 7 6 8 9 5 12
18.7261 1 3 10 2 4 11 7 6 8 9 5 12
18.7318 10 1 4 3 8 11 7 6 2 9 5 12
18.7333 3 6 8 10 11 4 2 5 7 9 1 12
18.7333 3 6 8 10 11 4 1 2 7 5 9 12
18.7357 5 11 3 4 10 6 7 8 9 1 2 12
18.7357 4 8 7 11 2 5 6 3 9 10 1 12
18.7372 5 4 8 7 11 1 6 2 3 9 10 12
18.7372 5 3 8 7 11 1 2 6 4 9 10 12
18.7381 9 3 2 6 5 11 10 8 4 1 7 12
18.7389 8 1 6 4 11 10 2 3 7 9 5 12
18.7389 4 5 3 9 10 2 7 8 6 1 11 12
18.7396 7 1 10 4 8 3 9 6 2 5 11 12
18.7413 8 3 11 6 5 10 7 9 2 1 4 12
18.7429 1 5 4 10 7 8 3 2 11 9 6 12
18.7429 1 5 4 10 7 8 3 2 11 9 6 12
18.7452 6 1 9 3 10 11 5 2 8 7 4 12
18.75 5 8 7 1 11 6 2 4 10 9 3 12
18.7524 4 7 10 11 1 6 5 3 9 8 2 12
18.754 5 1 9 2 10 4 7 6 8 3 11 12
18.7548 8 7 6 10 9 3 1 2 5 4 11 12
18.7556 3 5 8 10 11 4 2 6 7 9 1 12
18.7556 4 7 11 10 1 3 6 5 2 8 9 12
18.7556 10 9 2 5 1 4 6 3 11 8 7 12
18.7627 6 10 8 3 1 7 5 4 2 9 11 12
18.7652 10 1 8 6 11 9 4 3 2 7 5 12
18.7656 2 4 5 11 8 1 6 7 3 9 10 12
18.7667 4 11 7 1 10 6 5 3 9 8 2 12
18.7667 4 11 10 7 8 6 5 3 9 1 2 12
18.7722 10 5 6 8 9 11 1 2 3 4 7 12
18.7722 8 3 4 7 2 10 11 9 1 5 6 12
18.7722 5 7 2 10 1 3 6 4 8 9 11 12
18.7722 10 3 5 7 8 9 11 1 2 4 6 12
18.7744 1 3 9 11 4 2 7 6 8 10 5 12
18.7744 1 3 9 11 4 2 7 6 8 10 5 12
18.7746 6 10 8 4 11 7 1 5 9 2 3 12
18.78 9 6 11 5 8 10 4 3 2 1 7 12
18.7833 2 5 4 11 7 8 9 10 1 3 6 12
18.7833 1 2 3 10 11 6 9 8 4 5 7 12
18.7833 1 2 3 10 11 6 9 8 4 5 7 12
18.7833 10 2 3 8 6 11 9 1 5 4 7 12
18.7929 9 7 2 3 1 6 10 8 11 5 4 12
18.796 7 1 9 4 2 8 6 5 11 10 3 12
18.7985 1 5 7 9 11 3 4 2 10 8 6 12
18.7985 1 5 7 9 11 3 4 2 10 8 6 12
18.7985 9 3 2 8 11 10 5 4 1 7 6 12
18.8 3 6 10 11 7 1 4 2 5 9 8 12
18.8 9 11 6 1 8 10 7 4 2 3 5 12
18.8 9 1 3 4 10 8 7 6 11 2 5 12
18.8024 4 8 9 11 2 3 7 5 6 10 1 12
18.8056 7 10 6 5 11 8 3 2 1 9 4 12
18.8056 2 5 1 8 10 11 3 4 6 7 9 12
18.8062 1 4 8 7 11 10 3 2 5 9 6 12
18.8062 1 4 8 7 11 10 3 2 5 9 6 12
18.808 2 1 6 10 9 5 3 4 8 7 11 12
18.8167 4 9 7 1 11 5 6 3 10 8 2 12
18.819 5 10 7 1 11 8 3 6 4 9 2 12
18.819 4 7 9 10 1 2 5 3 6 8 11 12
18.8222 6 1 8 5 11 7 3 2 10 9 4 12
18.8229 1 3 10 6 4 11 2 7 8 9 5 12
18.8229 1 3 10 6 4 11 2 7 8 9 5 12
18.8318 4 7 9 10 6 3 1 2 5 11 8 12
18.8318 4 6 10 9 1 11 5 3 2 8 7 12
18.8318 5 8 7 11 1 2 4 3 9 10 6 12
18.8357 4 8 7 1 11 5 3 6 9 10 2 12
18.8357 6 8 10 11 2 7 4 5 1 9 3 12
18.8357 2 10 9 4 11 7 5 6 1 8 3 12
18.8372 1 6 4 2 11 5 8 9 10 3 7 12
18.8372 1 6 4 2 11 5 8 9 10 3 7 12
18.8405 7 1 9 3 2 8 5 6 11 10 4 12
18.8419 6 1 9 3 2 7 5 8 11 10 4 12
18.8429 3 1 6 4 11 7 9 8 10 2 5 12
18.8467 9 11 3 8 10 4 5 6 2 1 7 12
18.8485 7 1 10 4 5 6 3 2 11 9 8 12
18.85 4 11 9 6 1 7 3 5 10 8 2 12
18.85 6 10 1 8 5 7 4 3 11 9 2 12
18.8524 2 4 9 10 11 1 5 6 7 8 3 12
18.8538 10 4 8 7 5 1 3 2 6 9 11 12
18.854 9 11 7 1 8 10 2 3 6 5 4 12
18.8595 8 4 6 1 9 3 7 10 2 5 11 12
18.8618 1 3 10 11 2 6 7 4 9 8 5 12
18.8618 1 3 10 11 2 6 7 4 9 8 5 12
18.8651 9 7 6 3 5 2 10 8 11 1 4 12
18.8667 3 9 10 11 6 5 2 4 8 7 1 12
18.8667 3 7 1 10 4 2 9 8 6 5 11 12
18.8667 7 11 3 2 1 9 10 8 6 5 4 12
18.869 5 9 7 11 1 6 4 3 8 10 2 12
18.869 6 1 10 4 2 11 7 5 8 9 3 12
18.869 5 9 2 4 1 7 11 6 10 8 3 12
18.8707 3 2 7 11 10 8 5 4 6 9 1 12
18.877 9 3 2 7 11 10 6 4 1 8 5 12
18.8833 7 1 10 4 3 8 5 6 2 9 11 12
18.8833 4 8 9 10 1 2 5 3 6 7 11 12
18.8842 9 4 6 8 1 11 10 3 2 5 7 12
18.8874 3 5 8 1 11 4 2 6 7 9 10 12
18.8889 9 2 8 5 11 10 3 4 1 7 6 12
18.8889 1 3 9 6 7 11 10 2 8 4 5 12
18.8889 1 3 9 6 7 11 10 2 8 4 5 12
18.8999 6 11 8 3 1 10 5 4 7 9 2 12
18.9 9 1 6 5 3 8 10 2 11 7 4 12
18.9023 3 7 2 10 9 4 5 6 11 1 8 12
18.9024 5 11 9 3 1 6 7 4 10 8 2 12
18.9024 5 9 8 3 1 6 4 11 10 7 2 12
18.9056 9 11 5 1 8 4 2 3 7 6 10 12
18.9056 3 6 7 11 10 8 4 5 2 9 1 12
18.9103 9 4 3 8 10 11 6 1 2 5 7 12
18.9136 4 2 3 5 6 9 11 10 1 7 8 12
18.9167 6 9 11 3 8 7 1 2 10 4 5 12
18.9167 3 6 8 9 11 4 2 1 7 5 10 12
18.9167 6 9 8 2 1 5 3 4 7 10 11 12
18.9167 5 8 3 1 10 4 7 6 9 2 11 12
18.9177 1 3 8 11 4 9 7 6 2 10 5 12
18.9177 1 3 8 11 4 9 7 6 2 10 5 12
18.919 7 1 10 5 2 8 6 9 11 3 4 12
18.9278 3 4 9 8 2 1 6 7 5 11 10 12
18.9318 3 5 8 10 11 1 2 6 7 9 4 12
18.9333 6 1 9 4 2 7 5 11 10 8 3 12
18.9357 5 3 4 8 6 11 10 9 2 1 7 12
18.9372 6 10 4 3 11 5 8 7 9 1 2 12
18.9413 11 7 4 10 9 3 2 1 5 6 8 12
18.95 1 5 4 10 11 2 9 8 7 3 6 12
18.95 9 3 10 2 1 11 6 5 7 8 4 12
18.95 1 5 4 10 11 2 9 8 7 3 6 12
18.95 3 7 10 1 6 5 2 4 8 9 11 12
18.9523 1 7 4 10 8 3 9 6 2 5 11 12
18.9523 1 7 4 10 8 3 9 6 2 5 11 12
18.9538 4 8 3 1 10 5 7 6 11 2 9 12
18.9547 10 4 8 7 5 1 2 3 6 9 11 12
18.969 8 11 6 4 9 7 2 1 10 5 3 12
18.969 1 2 4 6 7 10 11 9 5 3 8 12
18.969 1 2 4 6 7 10 11 9 5 3 8 12
18.969 9 3 2 6 5 1 11 10 4 8 7 12
18.9705 5 8 10 11 7 1 3 2 4 9 6 12
18.9705 6 9 8 3 11 5 2 4 10 7 1 12
18.9705 10 6 3 5 2 8 9 11 1 7 4 12
18.9714 6 9 10 1 2 4 7 5 8 3 11 12
18.9802 6 11 8 10 5 7 2 3 1 9 4 12
18.9818 4 7 6 11 10 2 3 8 5 1 9 12
18.9833 9 1 4 5 11 10 8 6 2 3 7 12
18.9833 11 5 2 6 10 9 7 8 1 3 4 12
18.9985 5 2 3 7 6 11 10 9 4 1 8 12
19 2 5 10 4 3 11 6 7 1 9 8 12
19 4 7 8 11 5 1 3 2 6 9 10 12
19 7 9 4 2 11 5 8 6 10 3 1 12
19 2 4 10 3 1 11 7 6 8 9 5 12
19.0079 3 6 8 9 1 2 4 5 7 11 10 12
19.0167 10 2 4 5 11 9 8 7 3 1 6 12
19.0167 5 10 8 3 1 6 7 4 11 9 2 12
19.0167 5 10 8 2 3 4 6 7 11 9 1 12
19.0246 3 6 10 9 1 2 5 4 7 8 11 12
19.0318 4 7 6 11 10 2 3 1 5 8 9 12
19.0333 9 11 8 1 6 10 7 4 2 3 5 12
19.0333 4 11 8 3 1 6 10 5 9 7 2 12
19.0333 4 8 9 2 6 5 3 1 7 10 11 12
19.0357 5 7 11 10 1 6 3 2 8 4 9 12
19.0357 7 10 11 8 5 1 3 2 6 9 4 12
19.038 5 8 10 11 7 4 2 3 6 9 1 12
19.0381 4 5 11 8 7 1 3 2 6 9 10 12
19.05 5 10 8 3 1 6 4 11 9 7 2 12
19.0524 5 8 3 1 6 4 11 10 7 9 2 12
19.0524 8 5 11 6 10 9 3 2 1 7 4 12
19.0538 7 11 10 1 5 8 3 2 6 9 4 12
19.0579 9 3 8 6 11 10 4 2 1 7 5 12
19.0667 4 10 7 1 11 6 5 3 9 8 2 12
19.0667 10 5 1 8 4 3 7 11 6 2 9 12
19.069 2 1 8 10 11 3 5 4 6 7 9 12
19.077 6 10 9 4 1 2 5 3 7 8 11 12
19.0777 1 5 9 8 6 2 4 3 11 10 7 12
19.0777 1 5 9 8 6 2 4 3 11 10 7 12
19.0833 10 6 9 2 1 4 3 5 7 8 11 12
19.0833 3 9 10 1 6 4 5 2 8 7 11 12
19.0857 8 10 11 6 1 9 3 2 7 4 5 12
19.0927 11 5 3 4 10 9 7 8 1 2 6 12
19.0985 6 4 8 7 11 10 2 1 5 3 9 12
19.0985 5 8 10 11 7 2 4 3 9 1 6 12
19.1038 5 8 10 1 7 4 3 2 11 9 6 12
19.1048 9 3 2 6 5 11 8 10 4 1 7 12
19.1048 4 11 10 7 1 6 5 3 9 8 2 12
19.1064 7 10 11 3 1 6 5 4 9 8 2 12
19.119 8 7 2 10 11 3 5 4 6 1 9 12
19.1192 5 10 9 3 1 6 4 2 11 8 7 12
19.1214 7 11 9 2 1 6 5 3 10 8 4 12
19.1232 5 8 10 11 7 4 2 3 9 1 6 12
19.1262 7 5 6 8 11 1 2 3 4 9 10 12
19.1333 1 3 8 4 11 7 2 6 10 9 5 12
19.1333 9 1 7 4 10 8 3 2 11 6 5 12
19.1333 1 3 8 4 11 7 2 6 10 9 5 12
19.1333 10 11 8 7 5 1 3 2 4 9 6 12
19.1333 5 10 7 1 11 4 3 6 9 8 2 12
19.1333 4 7 11 10 8 2 6 3 5 1 9 12
19.1342 7 1 10 4 5 8 2 6 9 3 11 12
19.1342 3 10 9 1 11 4 6 5 7 8 2 12
19.1357 5 9 7 2 11 6 4 1 10 8 3 12
19.1357 6 7 10 11 5 4 2 3 8 9 1 12
19.1357 4 11 10 7 6 8 5 2 3 9 1 12
19.1374 10 9 2 5 6 4 3 1 11 8 7 12
19.1413 5 10 8 2 11 6 4 3 9 7 1 12
19.1467 8 11 6 1 9 3 10 7 2 5 4 12
19.1485 1 3 10 11 4 8 6 7 2 9 5 12
19.1485 1 3 10 11 4 8 6 7 2 9 5 12
19.15 5 11 9 1 3 8 7 6 4 10 2 12
19.15 5 10 8 1 3 7 6 11 4 9 2 12
19.1509 4 7 10 11 6 5 3 1 9 8 2 12
19.1524 6 8 3 1 10 4 7 5 9 2 11 12
19.1538 5 10 11 1 7 4 3 6 9 8 2 12
19.1556 8 9 1 3 4 5 7 6 11 10 2 12
19.1667 4 11 10 7 5 6 2 3 8 9 1 12
19.169 4 7 10 2 1 6 5 3 8 9 11 12
19.1707 3 2 7 11 10 6 5 4 8 9 1 12
19.1799 1 8 4 11 10 6 7 5 9 3 2 12
19.1799 1 8 4 11 10 6 7 5 9 3 2 12
19.1803 8 9 10 2 6 5 4 3 11 1 7 12
19.1833 4 6 7 9 1 11 5 3 2 8 10 12
19.1833 7 10 2 4 11 6 9 8 1 5 3 12
19.1833 6 10 9 4 1 7 3 5 11 8 2 12
19.1842 1 7 4 9 11 2 6 8 5 3 10 12
19.1842 1 7 4 9 11 2 6 8 5 3 10 12
19.1842 3 7 2 5 6 4 10 9 11 1 8 12
19.1872 7 10 11 5 8 9 3 4 2 1 6 12
19.1881 1 4 8 7 11 10 6 2 5 9 3 12
19.1881 1 4 8 7 11 10 6 2 5 9 3 12
19.1913 6 10 9 4 1 7 3 5 2 8 11 12
19.1929 8 11 4 9 7 1 6 5 2 3 10 12
19.1936 7 6 11 9 8 2 3 4 5 1 10 12
19.1985 4 6 10 9 1 2 5 3 11 8 7 12
19.2 1 3 10 5 4 8 7 6 11 9 2 12
19.2 1 3 10 5 4 8 7 6 11 9 2 12
19.2024 8 11 6 3 9 2 10 7 1 5 4 12
19.2056 9 11 4 5 7 8 2 1 10 3 6 12
19.2056 4 11 10 1 7 5 3 6 9 8 2 12
19.2119 7 5 4 8 1 10 2 3 6 11 9 12
19.2136 2 10 4 3 6 9 8 7 5 11 1 12
19.2167 9 2 8 4 11 7 5 6 10 1 3 12
19.2167 4 6 8 10 2 3 5 11 7 9 1 12
19.2246 9 1 8 5 11 10 4 3 2 6 7 12
19.2277 8 2 11 6 1 10 4 5 3 9 7 12
19.2333 6 1 8 4 11 7 9 5 10 2 3 12
19.2342 1 10 8 6 5 4 3 2 7 9 11 12
19.2342 1 10 8 6 5 4 3 2 7 9 11 12
19.2357 8 1 6 5 11 7 3 2 10 9 4 12
19.2357 6 10 8 3 2 7 11 5 1 9 4 12
19.2357 5 9 1 11 2 6 7 4 10 8 3 12
19.2389 3 10 8 5 11 7 2 6 1 9 4 12
19.2452 1 3 4 10 7 2 6 5 9 8 11 12
19.2452 1 3 4 10 7 2 6 5 9 8 11 12
19.2468 3 6 2 9 11 1 7 4 5 8 10 12
19.2484 4 11 10 1 7 9 5 3 6 8 2 12
19.2485 1 5 4 10 11 2 7 8 9 3 6 12
19.2485 1 5 4 10 11 2 7 8 9 3 6 12
19.2603 6 1 9 4 2 8 7 11 10 5 3 12
19.2667 5 8 7 1 11 4 2 6 10 9 3 12
19.2667 4 11 10 1 7 8 6 2 3 9 5 12
19.2667 8 11 2 4 10 9 5 7 1 3 6 12
19.269 10 11 2 7 6 1 5 3 4 8 9 12
19.2714 5 6 8 1 11 4 2 3 7 9 10 12
19.2833 2 4 10 6 1 8 7 3 11 9 5 12
19.2833 2 4 9 10 11 1 5 6 3 8 7 12
19.2857 5 10 7 1 11 9 3 6 4 8 2 12
19.2872 8 6 11 3 2 1 5 7 4 10 9 12
19.291 3 7 2 11 9 4 6 5 8 1 10 12
19.2913 3 6 10 9 8 2 5 4 7 1 11 12
19.2944 3 10 9 1 2 5 6 7 8 11 4 12
19.3 3 4 11 10 7 1 6 2 5 9 8 12
19.3 5 10 9 3 1 2 6 4 11 8 7 12
19.3 2 5 9 8 6 10 3 7 11 4 1 12
19.3024 7 11 10 6 1 9 3 5 2 8 4 12
19.3134 8 4 6 1 9 2 10 7 3 5 11 12
19.3175 7 1 10 3 2 11 6 5 8 9 4 12
19.3205 7 10 6 3 8 5 1 11 9 4 2 12
19.3214 3 7 10 11 2 4 5 6 8 9 1 12
19.3318 6 7 11 10 8 2 4 3 5 1 9 12
19.3318 6 8 1 10 5 7 4 3 2 9 11 12
19.3357 3 5 7 9 11 1 4 2 6 8 10 12
19.3389 3 7 11 10 8 4 1 2 6 5 9 12
19.3389 5 11 8 1 3 10 7 6 4 9 2 12
19.3389 7 10 5 3 8 6 1 11 9 4 2 12
19.3485 10 11 2 6 5 1 9 8 4 3 7 12
19.3485 4 8 10 1 7 5 2 3 6 9 11 12
19.35 3 6 10 11 8 2 4 5 7 1 9 12
19.3562 5 11 8 2 3 6 7 4 10 9 1 12
19.3595 10 4 3 11 7 2 9 8 1 5 6 12
19.3667 6 9 8 2 1 5 3 4 11 10 7 12
19.3672 3 6 2 11 5 4 10 9 8 1 7 12
19.3705 7 3 8 4 2 6 11 5 10 9 1 12
19.3722 7 9 10 2 1 6 5 4 11 8 3 12
19.3833 8 10 11 1 2 3 5 4 9 7 6 12
19.3833 2 5 4 8 7 11 9 10 1 3 6 12
19.3833 5 10 3 11 1 8 7 6 4 9 2 12
19.3985 4 11 10 7 6 2 3 1 9 8 5 12
19.4 5 10 9 3 2 7 6 4 11 8 1 12
19.4024 5 10 9 1 11 7 6 2 4 8 3 12
19.4024 10 2 3 8 6 11 1 9 5 4 7 12
19.4056 7 1 10 5 2 8 9 6 11 3 4 12
19.4167 2 7 6 10 9 1 11 3 8 5 4 12
19.4167 4 8 9 11 2 6 7 5 3 10 1 12
19.4167 9 11 7 4 10 8 2 3 1 5 6 12
19.4167 2 5 8 10 11 1 4 3 6 7 9 12
19.4333 3 6 10 11 8 4 1 2 7 5 9 12
19.4333 6 9 3 11 10 4 7 5 8 2 1 12
19.4357 5 9 8 1 11 6 4 3 10 7 2 12
19.4382 1 4 8 7 11 10 6 9 2 3 5 12
19.4382 1 4 8 7 11 10 6 9 2 3 5 12
19.4485 4 7 10 11 6 2 3 1 5 8 9 12
19.45 7 11 10 8 5 1 3 2 6 9 4 12
19.45 4 10 11 1 7 6 5 3 9 8 2 12
19.45 4 7 9 10 1 2 3 5 6 8 11 12
19.45 4 7 8 9 1 2 5 3 6 10 11 12
19.4595 4 8 2 7 5 10 6 3 11 1 9 12
19.4652 5 8 10 2 7 11 3 4 9 1 6 12
19.4722 3 5 10 11 1 2 8 4 6 7 9 12
19.4746 7 2 1 6 4 11 9 8 3 5 10 12
19.4762 7 10 1 6 4 3 9 8 2 5 11 12
19.477 7 1 6 5 11 8 2 3 10 9 4 12
19.4833 3 7 6 11 9 4 2 1 8 5 10 12
19.4874 8 2 3 5 6 7 9 10 11 1 4 12
19.4929 6 10 8 3 1 7 4 5 11 9 2 12
19.5 8 11 7 4 10 9 3 2 1 6 5 12
19.5 3 6 8 10 11 1 2 4 5 7 9 12
19.5024 5 9 7 6 11 1 4 2 10 8 3 12
19.5024 5 10 9 1 11 4 6 3 7 8 2 12
19.5062 5 10 11 1 7 9 3 6 4 8 2 12
19.516 5 9 8 4 11 7 2 1 10 6 3 12
19.5167 5 8 10 1 3 4 7 6 9 2 11 12
19.5207 7 10 5 3 8 6 11 4 9 1 2 12
19.5222 6 9 5 1 10 4 3 2 8 7 11 12
19.5318 4 10 8 3 11 6 5 1 9 7 2 12
19.5333 3 1 9 4 11 7 6 2 10 8 5 12
19.5524 4 10 9 1 6 7 5 3 11 8 2 12
19.5524 5 10 8 2 1 7 6 4 11 9 3 12
19.5652 5 7 11 10 8 2 4 3 6 1 9 12
19.5667 6 1 9 4 11 7 2 5 10 8 3 12
19.5667 7 11 1 2 8 6 5 4 9 10 3 12
19.5667 5 10 8 1 3 4 6 7 11 9 2 12
19.5722 6 1 8 4 2 10 11 5 7 9 3 12
19.5833 4 7 8 11 1 2 3 5 6 9 10 12
19.5833 3 7 5 9 11 4 2 1 6 8 10 12
19.5833 4 8 10 1 6 5 11 3 9 7 2 12
19.5985 9 5 1 7 6 11 3 4 2 10 8 12
19.5985 5 8 7 11 10 2 4 3 9 1 6 12
19.6 6 1 10 3 2 8 7 5 11 9 4 12
19.6024 8 2 3 6 1 9 7 10 11 5 4 12
19.6038 1 6 3 5 11 10 9 8 2 4 7 12
19.6038 1 6 3 5 11 10 9 8 2 4 7 12
19.6167 6 7 10 1 5 4 3 2 8 9 11 12
19.619 9 3 2 7 4 10 8 11 1 5 6 12
19.6222 9 1 8 5 11 10 4 2 3 7 6 12
19.6333 6 8 3 11 10 4 5 7 9 2 1 12
19.6333 5 8 3 2 10 4 6 7 9 1 11 12
19.6357 1 2 9 3 11 10 5 6 7 8 4 12
19.6357 1 2 9 3 11 10 5 6 7 8 4 12
19.6485 4 7 6 10 9 3 1 2 8 11 5 12
19.65 6 3 9 1 2 4 5 7 8 10 11 12
19.65 7 11 1 3 4 6 8 9 10 5 2 12
19.6509 4 6 10 1 7 5 3 2 8 9 11 12
19.6579 3 6 10 9 8 2 5 4 11 1 7 12
19.6619 8 7 2 9 11 3 5 4 6 1 10 12
19.6651 9 1 5 6 3 8 10 2 11 7 4 12
19.6652 5 8 7 2 10 11 3 4 9 1 6 12
19.6667 9 11 3 4 10 8 5 7 1 2 6 12
19.6705 6 9 8 3 11 5 4 2 10 7 1 12
19.6707 4 7 10 11 6 2 3 1 9 8 5 12
19.6833 5 11 9 2 3 4 6 7 8 10 1 12
19.6833 3 4 11 8 7 1 2 6 5 9 10 12
19.6857 10 11 8 7 5 1 2 3 4 9 6 12
19.6889 6 9 3 1 2 4 5 7 8 10 11 12
19.7 5 10 9 3 2 6 4 11 8 7 1 12
19.7048 2 1 9 8 6 11 3 4 5 10 7 12
19.7079 7 10 9 2 1 6 5 4 11 8 3 12
19.7167 10 11 2 1 3 9 4 7 5 8 6 12
19.7333 6 3 10 1 2 4 5 7 11 9 8 12
19.7357 7 1 10 5 3 8 6 2 11 9 4 12
19.7436 1 11 4 8 10 6 7 5 9 3 2 12
19.7436 1 11 4 8 10 6 7 5 9 3 2 12
19.75 5 9 3 2 10 4 7 6 8 1 11 12
19.7509 2 9 6 5 10 4 3 1 7 8 11 12
19.7524 4 11 10 2 7 9 3 5 6 8 1 12
19.7595 4 7 11 10 2 1 9 8 6 5 3 12
19.7619 4 10 11 7 1 6 5 3 9 8 2 12
19.7667 4 7 10 2 1 5 6 3 8 9 11 12
19.7833 4 11 10 1 7 6 3 5 9 8 2 12
19.8 6 10 9 4 11 7 5 2 1 8 3 12
19.8 1 3 9 4 11 10 6 2 7 8 5 12
19.8 1 3 9 4 11 10 6 2 7 8 5 12
19.8024 4 6 10 1 7 5 2 3 8 9 11 12
19.8024 5 9 11 1 3 8 7 6 4 10 2 12
19.8056 3 6 7 9 4 2 11 1 5 8 10 12
19.8063 5 9 8 4 11 7 2 6 10 1 3 12
19.8151 11 1 6 10 8 4 3 2 7 5 9 12
19.8152 3 2 7 11 10 8 5 4 1 9 6 12
19.8167 3 6 10 9 7 1 5 2 4 11 8 12
19.8167 5 10 7 1 11 6 4 2 9 8 3 12
19.8246 5 10 9 3 4 6 1 2 11 8 7 12
19.8333 10 7 3 6 8 9 1 11 2 4 5 12
19.8667 3 6 8 10 11 4 2 1 7 5 9 12
19.869 6 11 10 4 1 7 3 5 9 8 2 12
19.869 6 10 9 4 1 2 5 3 11 8 7 12
19.877 7 1 10 4 2 8 5 6 11 9 3 12
19.8833 4 7 10 1 6 5 2 3 8 9 11 12
19.8857 5 8 10 11 7 4 3 2 6 9 1 12
19.9024 9 11 8 1 5 10 4 2 3 7 6 12
19.9135 5 9 4 2 11 6 7 8 10 1 3 12
19.9318 4 7 6 10 11 2 3 1 5 8 9 12
19.9333 1 3 10 5 4 8 7 6 2 9 11 12
19.9333 1 3 10 5 4 8 7 6 2 9 11 12
19.9333 9 11 6 1 8 10 2 3 7 5 4 12
19.9333 9 11 1 7 2 10 4 3 8 5 6 12
19.9357 8 11 6 3 9 7 2 1 10 5 4 12
19.9357 5 10 9 3 11 6 4 2 8 7 1 12
19.9485 5 3 8 1 11 4 2 6 7 9 10 12
19.95 4 8 10 1 6 5 3 2 7 9 11 12
19.9524 4 7 10 2 1 6 3 5 9 8 11 12
19.9667 4 9 8 2 11 7 5 6 10 1 3 12
19.9833 5 9 8 1 2 6 4 11 10 7 3 12
19.9985 1 3 9 11 4 8 7 6 2 10 5 12
19.9985 1 3 9 11 4 8 7 6 2 10 5 12
20.0024 4 7 11 10 1 2 5 3 6 8 9 12
20.0207 4 7 10 1 5 6 3 2 8 9 11 12
20.0285 4 8 7 1 11 5 10 6 9 3 2 12
20.0286 8 7 2 9 11 3 4 5 6 1 10 12
20.0333 10 1 4 6 11 9 8 7 2 3 5 12
20.0357 5 10 9 3 2 7 4 6 11 8 1 12
20.0389 3 10 11 4 8 7 6 5 9 1 2 12
20.05 6 9 11 2 1 7 5 4 10 8 3 12
20.0667 11 5 2 4 10 9 8 7 1 3 6 12
20.0722 8 1 6 5 11 9 4 2 3 7 10 12
20.0722 9 3 2 7 5 11 8 10 4 1 6 12
20.0833 6 9 10 4 1 7 5 3 11 8 2 12
20.0913 2 5 4 8 7 11 9 1 3 10 6 12
20.0985 1 9 7 5 11 3 4 2 6 8 10 12
20.0985 1 9 7 5 11 3 4 2 6 8 10 12
20.1151 1 5 10 4 7 11 3 2 8 9 6 12
20.1151 1 5 10 4 7 11 3 2 8 9 6 12
20.1205 9 2 1 5 4 8 11 10 3 7 6 12
20.1222 3 5 8 10 11 7 2 6 4 9 1 12
20.15 5 8 9 3 11 6 2 4 10 7 1 12
20.1524 4 11 10 2 7 6 3 5 9 8 1 12
20.2167 3 6 7 9 11 1 2 4 5 8 10 12
20.219 11 1 8 10 2 3 5 4 6 7 9 12
20.219 5 8 7 1 11 4 3 2 10 9 6 12
20.2263 2 5 10 8 1 11 3 4 6 7 9 12
20.2333 10 9 2 5 1 4 3 6 7 8 11 12
20.2357 5 8 3 11 10 4 6 7 9 1 2 12
20.2389 4 9 11 2 8 7 5 6 10 1 3 12
20.2427 6 10 9 4 1 11 5 3 7 8 2 12
20.2667 6 4 10 11 1 7 3 5 2 8 9 12
20.269 3 10 11 6 7 5 4 2 8 9 1 12
20.2722 6 1 10 5 7 8 2 3 11 9 4 12
20.2722 6 1 10 5 7 8 3 2 11 9 4 12
20.2762 9 7 6 1 2 10 8 5 11 3 4 12
20.2833 3 6 9 10 11 1 2 4 5 7 8 12
20.3 5 10 8 1 11 7 6 3 4 9 2 12
20.3024 9 3 8 5 11 10 2 4 1 7 6 12
20.3038 6 9 8 2 11 5 4 3 10 7 1 12
20.3079 4 10 9 6 1 7 5 3 11 8 2 12
20.3167 10 4 7 11 1 2 5 3 6 8 9 12
20.3167 4 6 8 1 2 3 11 5 7 9 10 12
20.3167 5 11 8 2 1 7 4 6 10 9 3 12
20.3318 4 7 9 10 6 3 1 2 8 11 5 12
20.35 5 8 10 1 3 4 7 6 11 9 2 12
20.354 3 6 7 11 10 2 5 4 1 9 8 12
20.369 3 6 11 10 7 1 4 2 5 9 8 12
20.3833 4 7 10 11 1 2 5 3 6 8 9 12
20.3833 4 8 7 2 11 5 6 3 9 10 1 12
20.4056 3 4 11 10 2 1 6 7 5 9 8 12
20.419 5 8 7 1 11 4 2 3 10 9 6 12
20.4205 10 7 8 1 5 4 2 3 6 9 11 12
20.4357 6 4 10 7 1 11 3 5 2 8 9 12
20.4357 7 11 10 5 2 8 4 6 1 9 3 12
20.45 8 6 3 9 1 2 10 7 4 5 11 12
20.4833 1 3 9 4 11 7 6 2 10 8 5 12
20.4833 1 3 9 4 11 7 6 2 10 8 5 12
20.4985 5 11 2 8 1 7 4 6 10 9 3 12
20.5056 4 8 9 11 2 3 6 5 7 1 10 12
20.5167 5 8 10 1 3 11 7 6 4 9 2 12
20.5261 9 2 8 1 11 10 4 5 3 7 6 12
20.5652 5 8 10 11 1 2 3 4 9 7 6 12
20.5722 3 6 7 11 10 2 4 5 8 9 1 12
20.5833 3 6 5 9 11 4 2 1 7 8 10 12
20.5833 6 3 9 1 2 4 5 7 11 10 8 12
20.5833 6 1 8 3 2 7 5 11 10 9 4 12
20.5983 1 3 10 11 4 2 7 6 8 9 5 12
20.5983 1 3 10 11 4 2 7 6 8 9 5 12
20.6 5 9 8 3 11 6 2 4 10 7 1 12
20.6079 1 7 4 10 11 2 8 6 5 3 9 12
20.6079 1 7 4 10 11 2 8 6 5 3 9 12
20.6152 1 3 10 11 4 8 7 6 2 9 5 12
20.6152 1 3 10 11 4 8 7 6 2 9 5 12
20.6167 7 10 5 3 8 6 11 1 9 4 2 12
20.6167 9 3 4 5 7 8 10 11 1 2 6 12
20.6318 5 8 10 11 7 2 3 4 9 1 6 12
20.6357 5 8 3 11 6 4 10 9 7 1 2 12
20.65 3 10 1 2 4 5 7 6 8 9 11 12
20.65 2 7 6 11 9 4 3 1 8 5 10 12
20.65 3 10 9 6 11 5 2 4 8 7 1 12
20.6548 5 10 7 1 11 6 4 3 9 8 2 12
20.7 4 6 10 9 1 2 5 3 7 8 11 12
20.7024 6 1 9 4 2 11 7 5 8 10 3 12
20.7056 8 6 7 9 10 1 3 2 4 5 11 12
20.7318 5 8 7 11 10 2 3 4 9 1 6 12
20.7881 3 6 8 11 1 2 5 4 7 9 10 12
20.8167 3 5 8 9 11 1 2 4 6 7 10 12
20.8333 7 11 3 4 1 6 8 10 9 5 2 12
20.8389 3 5 8 10 11 7 2 6 1 9 4 12
20.85 3 5 8 10 11 1 4 2 6 7 9 12
20.8857 4 6 9 10 1 2 5 3 7 8 11 12
20.9127 6 11 8 3 1 7 5 4 10 9 2 12
20.9175 1 3 10 6 4 8 2 7 11 9 5 12
20.9175 1 3 10 6 4 8 2 7 11 9 5 12
20.9207 6 4 8 7 11 10 1 2 5 3 9 12
20.9333 6 9 3 1 10 4 5 7 8 2 11 12
20.9413 10 3 1 5 4 8 7 6 11 9 2 12
20.95 5 8 10 1 3 4 6 7 11 9 2 12
21.0389 6 1 8 3 2 10 5 11 7 9 4 12
21.0833 4 11 10 1 7 6 5 3 9 8 2 12
21.0881 6 11 9 2 1 7 5 4 10 8 3 12
21.1152 10 9 2 5 6 4 3 1 7 8 11 12
21.1372 9 4 3 7 5 11 10 8 2 1 6 12
21.15 9 3 10 2 1 7 6 5 11 8 4 12
21.1722 9 11 7 5 4 8 2 1 10 3 6 12
21.1857 7 1 11 6 8 9 4 3 2 10 5 12
21.1991 1 10 4 3 7 2 6 5 9 8 11 12
21.1991 1 10 4 3 7 2 6 5 9 8 11 12
21.2167 7 1 10 4 3 8 2 6 11 9 5 12
21.2333 4 7 10 9 1 2 3 5 6 8 11 12
21.2357 7 1 10 4 5 8 2 3 11 9 6 12
21.2396 10 7 8 1 5 4 3 2 6 9 11 12
21.2667 5 9 7 1 11 6 2 4 10 8 3 12
21.2833 5 9 8 1 11 6 4 2 10 7 3 12
21.3167 5 10 9 1 11 7 6 3 4 8 2 12
21.369 9 1 7 4 10 8 3 2 11 5 6 12
21.4167 7 4 8 3 2 6 11 5 10 9 1 12
21.45 5 10 8 1 11 6 3 4 9 7 2 12
21.4667 9 4 3 7 1 11 10 8 2 5 6 12
21.519 7 1 10 3 2 8 6 5 11 9 4 12
21.5333 6 1 9 4 11 7 5 2 10 8 3 12
21.5357 7 10 9 2 1 6 3 5 11 8 4 12
21.55 6 9 10 2 1 7 3 5 11 8 4 12
21.5524 9 4 3 6 1 11 8 10 2 5 7 12
21.5833 1 6 4 5 11 10 8 9 2 3 7 12
21.5833 1 6 4 5 11 10 8 9 2 3 7 12
21.6357 4 6 9 11 1 2 3 5 7 8 10 12
21.8357 6 1 10 4 2 11 5 7 8 9 3 12
21.8667 6 9 2 1 10 4 7 5 8 3 11 12
21.95 9 1 7 4 10 11 3 2 8 5 6 12
21.95 6 1 8 4 2 7 11 5 10 9 3 12
22.2167 5 10 8 3 1 6 11 4 9 7 2 12
22.2833 5 8 10 1 3 11 6 7 4 9 2 12
22.2833 6 1 9 4 2 8 7 5 11 10 3 12
22.3 8 11 7 4 10 9 3 2 1 5 6 12
22.35 3 4 11 8 2 1 7 6 5 9 10 12
22.5167 6 1 10 4 2 8 5 7 11 9 3 12
22.5548 6 11 8 2 1 7 4 5 10 9 3 12
23.0357 6 1 9 3 2 8 5 7 11 10 4 12
24.1167 6 10 9 4 1 7 5 3 11 8 2 12